155
48 36 47
 7.02206 1.77752
 7.32856 1.85042
 7.62628 1.93757
 7.90404 2.05733
 8.14998 2.22769
 8.35589 2.45576
 8.5193 2.73127
 8.64257 3.02979
 8.7323 3.32205
 8.80067 3.58311
 8.86513 3.79812
 8.94264 3.96471
 9.04166 4.09223
 9.15882 4.19792
 9.28333 4.30079
 9.40515 4.41511
 9.52053 4.54554
 9.632 4.68606
 9.74484 4.82321
 9.86349 4.94229
 9.98999 5.03382
 10.1239 5.09705
 10.2628 5.13904
 10.4015 5.17009
 10.5333 5.19848
 10.6514 5.22717
 10.7524 5.25372
 10.8384 5.27296
 10.9158 5.28088
 10.9928 5.27708
 11.0756 5.2638
 11.1672 5.24273
 11.2671 5.21304
 11.3727 5.17325
 11.4814 5.1255
 11.5919 5.0781
 11.705 5.04328
 11.8225 5.03146
 11.946 5.0462
 12.0737 5.08348
 12.1979 5.13514
 12.3058 5.19332
 12.3842 5.25265
 12.4259 5.31011
 12.4327 5.36415
 12.4139 5.41455
 12.3822 5.46256
48 1 50
 7.02206 1.77752
 6.68195 1.77354
 6.35993 1.77038
 6.06948 1.77412
 5.81631 1.7973
 5.59788 1.85399
 5.40627 1.95123
 5.23243 2.08283
 5.06874 2.23028
 4.90788 2.37005
 4.74036 2.48211
 4.55486 2.55433
 4.34349 2.58153
 4.10829 2.56139
 3.86299 2.49222
 3.62698 2.37594
 3.41506 2.22428
 3.23084 2.06069
 3.06818 1.91333
 2.91809 1.80317
 2.77451 1.73611
 2.6354 1.70354
 2.50073 1.68887
 2.37083 1.67474
 2.24645 1.64831
 2.12904 1.60397
 2.02003 1.54325
 1.9198 1.47249
 1.82713 1.39934
 1.73989 1.32967
 1.6564 1.26563
 1.57666 1.20575
 1.5026 1.14686
 1.43661 1.08662
 1.37928 1.02502
 1.32789 0.964408
 1.27709 0.908478
 1.22121 0.860869
 1.15686 0.823443
 1.08434 0.794828
 1.0075 0.770475
 0.932025 0.744888
 0.862917 0.714706
 0.802737 0.680218
 0.751642 0.644159
 0.70897 0.609113
 0.674591 0.575872
 0.64869 0.54374
 0.630373 0.511784
 0.616667 0.47965
49 9 48
 15.1607 5.80715
 15.1057 5.71305
 15.0621 5.62481
 15.0377 5.54578
 15.0355 5.47617
 15.0532 5.41411
 15.0862 5.35719
 15.1298 5.30322
 15.1813 5.25016
 15.2401 5.1958
 15.3055 5.13766
 15.3744 5.07367
 15.4398 5.00325
 15.4914 4.92787
 15.5194 4.85056
 15.518 4.77475
 15.4885 4.70385
 15.4385 4.64203
 15.3791 4.59466
 15.3196 4.56723
 15.2648 4.56285
 15.2133 4.57994
 15.1601 4.6121
 15.0996 4.64998
 15.0296 4.68409
 14.9529 4.70679
 14.8759 4.71309
 14.8046 4.70124
 14.7414 4.67316
 14.6849 4.63392
 14.6329 4.58959
 14.5851 4.54439
 14.5437 4.49925
 14.5109 4.45266
 14.4874 4.40301
 14.4721 4.35042
 14.4641 4.29703
 14.4643 4.24586
 14.4743 4.19928
 14.495 4.15794
 14.5255 4.12053
 14.5641 4.08467
 14.6099 4.04838
 14.663 4.01117
 14.7228 3.974
 14.7868 3.93825
 14.8522 3.90457
 14.9173 3.87237
49 36 68
 15.1607 5.80715
 15.1023 5.88417
 15.0399 5.95587
 14.9723 6.01912
 14.9008 6.07354
 14.8276 6.12012
 14.753 6.15961
 14.6764 6.19213
 14.5978 6.21799
 14.5197 6.23852
 14.4457 6.25597
 14.3777 6.27277
 14.3149 6.29114
 14.2539 6.31295
 14.1917 6.33891
 14.1257 6.36724
 14.0546 6.39347
 13.9781 6.41282
 13.8981 6.42387
 13.8179 6.43031
 13.7418 6.43922
 13.6736 6.45707
 13.6157 6.48656
 13.5684 6.52583
 13.5295 6.56969
 13.4948 6.61196
 13.4587 6.64824
 13.4169 6.67807
 13.3665 6.70513
 13.307 6.73483
 13.2393 6.77112
 13.1662 6.81456
 13.0918 6.86245
 13.0214 6.90982
 12.9594 6.95031
 12.9064 6.97713
 12.8589 6.98504
 12.8116 6.97281
 12.7606 6.94403
 12.7071 6.9048
 12.6568 6.86005
 12.6162 6.81119
 12.5889 6.75705
 12.5723 6.69646
 12.5604 6.63022
 12.5471 6.56103
 12.5306 6.49211
 12.5141 6.42561
 12.5038 6.36223
 12.5054 6.30194
 12.5206 6.24529
 12.5456 6.19377
 12.5724 6.14899
 12.5922 6.11084
 12.5997 6.07629
 12.5958 6.04014
 12.5864 5.99756
 12.5783 5.94693
 12.5749 5.89069
 12.5734 5.83371
 12.5667 5.78036
 12.5486 5.7324
 12.5186 5.68864
 12.4821 5.64631
 12.4468 5.6029
 12.4184 5.55745
 12.3978 5.51037
 12.3822 5.46256
50 42 66
 10.4178 43.1594
 10.6698 43.1505
 10.9096 43.154
 11.1281 43.1781
 11.3186 43.2257
 11.4758 43.2955
 11.5961 43.3857
 11.6832 43.4947
 11.7506 43.6207
 11.8188 43.7593
 11.9051 43.9027
 12.015 44.0414
 12.1401 44.1678
 12.265 44.2789
 12.3762 44.3784
 12.4679 44.4754
 12.5401 44.5812
 12.5931 44.7041
 12.6241 44.8449
 12.6283 44.9943
 12.6031 45.1356
 12.5513 45.2518
 12.4809 45.3321
 12.4016 45.3761
 12.3202 45.393
 12.2394 45.3969
 12.1577 45.4026
 12.0721 45.4217
 11.9807 45.4604
 11.8838 45.5187
 11.7838 45.5919
 11.685 45.6733
 11.5916 45.756
 11.5067 45.8344
 11.4306 45.9048
 11.361 45.9664
 11.2943 46.0216
 11.2284 46.0751
 11.1629 46.1328
 11.0983 46.1979
 11.0339 46.2696
 10.9678 46.3424
 10.8976 46.4095
 10.8236 46.4663
 10.7494 46.5129
 10.6805 46.5535
 10.6216 46.5935
 10.5738 46.6373
 10.5342 46.6863
 10.4975 46.7384
 10.4591 46.7906
 10.4177 46.841
 10.3746 46.89
 10.3323 46.9395
 10.2919 46.9908
 10.253 47.0433
 10.2141 47.0947
 10.1741 47.1426
 10.1328 47.1866
 10.091 47.2278
 10.0498 47.2677
 10.0104 47.3069
 9.97406 47.3444
 9.94196 47.3785
 9.91419 47.4085
 9.88925 47.4356
50 23 25
 10.4178 43.1594
 10.1163 43.0806
 9.82128 43.0204
 9.53751 42.9889
 9.26684 42.9843
 9.00866 42.9961
 8.76123 43.0118
 8.52378 43.0242
 8.29827 43.0323
 8.08969 43.0381
 7.90418 43.042
 7.74605 43.0384
 7.61553 43.0175
 7.50796 42.9692
 7.41404 42.8891
 7.32112 42.7815
 7.21654 42.6574
 7.09307 42.53
 6.95337 42.4099
 6.80942 42.3027
 6.67622 42.2101
 6.56422 42.1316
 6.4755 42.0659
 6.40508 42.0105
 6.34434 41.9609
51 22 59
 34.8756 44.8424
 34.6864 44.7304
 34.4976 44.6326
 34.3124 44.5558
 34.1377 44.4959
 33.9825 44.4408
 33.8556 44.3786
 33.7629 44.3037
 33.7062 44.2199
 33.6815 44.1356
 33.6803 44.0581
 33.6922 43.9894
 33.7076 43.9265
 33.7206 43.8645
 33.7282 43.7998
 33.7294 43.7309
 33.7229 43.6582
 33.7071 43.5827
 33.6802 43.5057
 33.6411 43.4278
 33.5898 43.3486
 33.5275 43.2666
 33.4572 43.1811
 33.3842 43.0939
 33.3143 43.0088
 33.2521 42.9302
 33.1985 42.8615
 33.1497 42.8041
 33.1003 42.7587
 33.0465 42.7253
 32.9882 42.7036
 32.9285 42.6918
 32.8718 42.6856
 32.8215 42.6782
 32.7791 42.6623
 32.7434 42.6332
 32.7111 42.5918
 32.6774 42.5439
 32.6387 42.4982
 32.5932 42.4615
 32.5413 42.4366
 32.4843 42.423
 32.4229 42.419
 32.3576 42.4238
 32.2902 42.4384
 32.2248 42.465
 32.1681 42.5057
 32.1258 42.5609
 32.0993 42.6279
 32.0833 42.7008
 32.0667 42.7726
 32.0367 42.8368
 31.9846 42.8885
 31.9102 42.9243
 31.8218 42.9431
 31.7324 42.9466
 31.6532 42.9387
 31.5884 42.9241
 31.5336 42.9068
51 45 38
 34.8756 44.8424
 34.8767 45.0331
 34.8741 45.2091
 34.8678 45.3576
 34.8636 45.4711
 34.8725 45.5491
 34.9062 45.5977
 34.9709 45.6258
 35.065 45.6415
 35.1807 45.6516
 35.3096 45.6611
 35.4466 45.6724
 35.5888 45.6837
 35.7317 45.6893
 35.8663 45.6828
 35.9824 45.6622
 36.0753 45.6314
 36.1497 45.5993
 36.2165 45.5749
 36.2858 45.5655
 36.3622 45.5757
 36.4465 45.6074
 36.5408 45.6586
 36.6511 45.7206
 36.7853 45.7785
 36.9464 45.8146
 37.1279 45.815
 37.3148 45.7749
 37.4909 45.7005
 37.6468 45.6075
 37.7823 45.5161
 37.9028 45.4446
 38.0128 45.4041
 38.1125 45.3961
 38.1996 45.4143
 38.2724 45.4484
 38.3328 45.4893
 38.3862 45.5321
52 4 28
 37.5965 34.308
 37.9284 34.4744
 38.26 34.6217
 38.5877 34.7383
 38.9036 34.8236
 39.1993 34.888
 39.4706 34.9494
 39.7222 35.0265
 39.9673 35.1315
 40.2229 35.2635
 40.5024 35.4108
 40.8098 35.5591
 41.1391 35.7028
 41.4779 35.8467
 41.8134 35.9987
 42.1339 36.1594
 42.4286 36.3201
 42.6871 36.4673
 42.9016 36.5898
 43.0701 36.6813
 43.1973 36.7402
 43.2924 36.7685
 43.3648 36.7708
 43.421 36.7542
 43.4649 36.7261
 43.4992 36.6928
 43.5268 36.6577
 43.5508 36.6223
52 33 26
 37.5965 34.308
 37.4356 34.1339
 37.281 33.9802
 37.1397 33.8542
 37.0199 33.745
 36.9296 33.6293
 36.8748 33.4825
 36.857 33.2893
 36.8735 33.0486
 36.9182 32.7713
 36.9837 32.4717
 37.0622 32.1609
 37.1461 31.8448
 37.2297 31.5276
 37.3104 31.2156
 37.3902 30.9183
 37.4752 30.6452
 37.5727 30.4
 37.6881 30.1787
 37.8218 29.9739
 37.9687 29.7826
 38.1187 29.6102
 38.2603 29.4659
 38.3847 29.3549
 38.4904 29.2733
 38.584 29.2085
53 24 20
 46.6814 29.9634
 46.9495 30.092
 47.1929 30.197
 47.3988 30.268
 47.5693 30.3111
 47.7144 30.3423
 47.8432 30.3756
 47.9597 30.4161
 48.0642 30.4581
 48.1559 30.4893
 48.2353 30.4971
 48.3047 30.4727
 48.3674 30.413
 48.4264 30.3195
 48.4829 30.1988
 48.5351 30.062
 48.5801 29.924
 48.6161 29.7981
 48.6437 29.6902
 48.6663 29.5953
53 20 4
 46.6814 29.9634
 46.2722 29.7384
 45.8866 29.5269
 45.5244 29.3289
54 24 41
 49.7259 16.6696
 49.7365 17.4964
 49.7408 18.2752
 49.7309 18.9559
 49.6975 19.4924
 49.6307 19.858
 49.5229 20.0638
 49.3719 20.1634
 49.1832 20.2366
 48.9684 20.3571
 48.7416 20.5623
 48.5162 20.8439
 48.3037 21.1644
 48.1134 21.4853
 47.9517 21.7886
 47.8215 22.0781
 47.7245 22.3646
 47.6655 22.6514
 47.6558 22.9345
 47.7077 23.2146
 47.8235 23.507
 47.9855 23.8369
 48.1608 24.224
 48.3194 24.6714
 48.4535 25.1683
 48.5797 25.6981
 48.7219 26.242
 48.8889 26.777
 49.0635 27.2764
 49.2109 27.716
 49.2981 28.0836
 49.3102 28.3816
 49.2561 28.6225
 49.1611 28.8215
 49.0539 28.9906
 48.9545 29.1368
 48.8715 29.2626
 48.8047 29.3686
 48.7509 29.4565
 48.7062 29.5299
 48.6663 29.5953
54 27 13
 49.7259 16.6696
 49.7326 16.0604
 49.7199 15.494
 49.6756 14.9964
 49.5979 14.5754
 49.4946 14.2291
 49.3799 13.9521
 49.27 13.733
 49.1778 13.5524
 49.1088 13.3872
 49.0593 13.2209
 49.0217 13.0476
 48.9888 12.8692
55 38 62
 25.6935 1.5268
 25.0325 1.10382
 24.4696 0.745707
 24.06 0.496254
 23.8017 0.36734
 23.6528 0.342306
 23.5605 0.389172
 23.4823 0.474799
 23.3919 0.572879
 23.2777 0.664819
 23.1391 0.73804
 22.9852 0.786507
 22.8305 0.813552
 22.6896 0.832304
 22.5711 0.859823
 22.4749 0.907236
 22.3935 0.973117
 22.3168 1.04528
 22.236 1.10912
 22.1461 1.15577
 22.0456 1.18456
 21.9363 1.19977
 21.8221 1.20547
 21.7078 1.2031
 21.5973 1.19341
 21.4918 1.18006
 21.3903 1.17119
 21.2912 1.17661
 21.1935 1.203
 21.0977 1.25028
 21.005 1.31159
 20.916 1.37612
 20.8292 1.43309
 20.7418 1.47496
 20.6517 1.49873
 20.5602 1.50485
 20.473 1.49478
 20.3983 1.46909
 20.3423 1.4281
 20.3062 1.37427
 20.2849 1.31379
 20.2693 1.25502
 20.2503 1.20479
 20.2215 1.16576
 20.1806 1.13683
 20.1286 1.11572
 20.0683 1.10121
 20.0032 1.0939
 19.9377 1.09572
 19.8757 1.10856
 19.819 1.13285
 19.766 1.16668
 19.7127 1.20653
 19.6552 1.24914
 19.5924 1.29297
 19.5272 1.33786
 19.4653 1.38357
 19.4121 1.42892
 19.3708 1.4723
 19.3412 1.51274
 19.3211 1.55044
 19.3061 1.58653
55 40 7
 25.6935 1.5268
 26.684 1.24279
 27.5733 1.00862
 28.2874 0.852913
 28.7988 0.775019
 29.1345 0.753001
 29.3687 0.758222
56 36 31
 12.3394 7.07947
 12.3434 6.99093
 12.3568 6.91034
 12.3845 6.84183
 12.4245 6.78399
 12.4686 6.73132
 12.5063 6.67757
 12.5291 6.61899
 12.5346 6.55562
 12.5265 6.49002
 12.513 6.42498
 12.5035 6.36208
 12.5053 6.30192
 12.5206 6.24528
 12.5456 6.19377
 12.5724 6.14899
 12.5922 6.11084
 12.5997 6.07629
 12.5958 6.04014
 12.5864 5.99756
 12.5783 5.94693
 12.5749 5.89069
 12.5734 5.83371
 12.5667 5.78036
 12.5486 5.7324
 12.5186 5.68864
 12.4821 5.64631
 12.4468 5.6029
 12.4184 5.55745
 12.3978 5.51037
 12.3822 5.46256
56 41 23
 12.3394 7.07947
 12.2748 7.15846
 12.2157 7.23929
 12.1661 7.3251
 12.1282 7.42022
 12.1015 7.52839
 12.0831 7.65013
 12.0696 7.78109
 12.0576 7.91279
 12.0456 8.03571
 12.0335 8.14314
 12.0216 8.23334
 12.0106 8.30906
 12.0014 8.37539
 11.9939 8.4379
 11.9875 8.50164
 11.9814 8.57034
 11.9757 8.6453
 11.9714 8.72454
 11.9688 8.80367
 11.9677 8.87826
 11.9669 8.94643
 11.9661 9.01005
57 10 13
 7.89864 21.2848
 7.49113 20.9335
 7.13919 20.5852
 6.87955 20.2474
 6.72314 19.9314
 6.66071 19.6466
 6.67259 19.3938
 6.73487 19.1651
 6.82208 18.9495
 6.91026 18.7419
 6.98224 18.5438
 7.03247 18.3585
 7.06783 18.1829
57 0 10
 7.89864 21.2848
 8.29165 21.4495
 8.65704 21.5708
 8.97838 21.6115
 9.25297 21.5517
 9.48556 21.3982
 9.68097 21.1836
 9.84234 20.9498
 9.97501 20.7267
 10.0906 20.5189
58 11 17
 2.36843 27.3695
 2.37073 27.0305
 2.39535 26.7255
 2.45262 26.4724
 2.53855 26.2689
 2.64218 26.1008
 2.75428 25.9553
 2.87095 25.8285
 2.99244 25.7259
 3.12065 25.6576
 3.25699 25.6294
 3.40002 25.6356
 3.54392 25.658
 3.67969 25.6737
 3.79953 25.6661
 3.90168 25.6321
 3.9923 25.5815
58 44 15
 2.36843 27.3695
 2.64281 27.5172
 2.88512 27.6717
 3.06783 27.839
 3.17302 28.0255
 3.19708 28.2402
 3.15249 28.4945
 3.06396 28.7946
 2.95955 29.132
 2.861 29.4797
 2.77851 29.8016
 2.71198 30.0686
 2.65601 30.2702
 2.605 30.4166
 2.55553 30.5322
59 11 48
 6.71479 35.6212
 6.66488 35.2259
 6.62141 34.8583
 6.58928 34.5368
 6.57 34.2646
 6.56072 34.0302
 6.55563 33.8129
 6.54888 33.5906
 6.53691 33.3479
 6.5193 33.0807
 6.49845 32.7968
 6.47812 32.5104
 6.46101 32.2366
 6.44621 31.9849
 6.42869 31.758
 6.40217 31.5515
 6.36412 31.3552
 6.31924 31.1552
 6.27827 30.9383
 6.25228 30.6975
 6.24623 30.4365
 6.25629 30.1682
 6.27254 29.9064
 6.28464 29.6589
 6.2863 29.4247
 6.27673 29.1987
 6.25948 28.9775
 6.23969 28.7616
 6.2207 28.5539
 6.20143 28.3564
 6.17633 28.1683
 6.13812 27.9863
 6.08107 27.8069
 6.0026 27.6301
 5.90285 27.4616
 5.78417 27.3112
 5.65166 27.1876
 5.51378 27.0931
 5.38103 27.0212
 5.26207 26.9575
 5.15887 26.8825
 5.06363 26.7775
 4.9601 26.6312
 4.8302 26.4445
 4.66301 26.231
 4.45992 26.0089
 4.2319 25.7917
 3.9923 25.5815
59 25 4
 6.71479 35.6212
 6.68289 35.9752
 6.65341 36.3097
 6.62637 36.6246
60 43 77
 17.2316 47.7054
 17.0584 47.4974
 16.8891 47.3235
 16.7276 47.2053
 16.577 47.1448
 16.439 47.127
 16.3145 47.1273
 16.2042 47.1212
 16.1098 47.0902
 16.0333 47.0257
 15.9757 46.928
 15.9367 46.8058
 15.9144 46.6731
 15.9051 46.5451
 15.9029 46.4321
 15.9003 46.3364
 15.8914 46.2533
 15.8747 46.1752
 15.8537 46.0964
 15.8333 46.0141
 15.8176 45.929
 15.808 45.8424
 15.8053 45.7553
 15.8099 45.6669
 15.8213 45.5753
 15.8356 45.4792
 15.846 45.3802
 15.8451 45.283
 15.8281 45.1947
 15.7943 45.1222
 15.7468 45.07
 15.6903 45.0382
 15.6306 45.0205
 15.5742 45.0054
 15.5268 44.9798
 15.4923 44.9348
 15.4707 44.8688
 15.459 44.7874
 15.4526 44.6988
 15.4484 44.609
 15.4469 44.5194
 15.4519 44.4273
 15.4677 44.3294
 15.4961 44.2251
 15.5328 44.1186
 15.5696 44.0171
 15.5973 43.9269
 15.6108 43.8505
 15.6103 43.7866
 15.5998 43.7313
 15.5839 43.6801
 15.566 43.6287
 15.5486 43.5733
 15.5334 43.5113
 15.5213 43.442
 15.511 43.3664
 15.4985 43.2866
 15.4785 43.2048
 15.4483 43.1227
 15.4094 43.0417
 15.3673 42.9627
 15.3277 42.8853
 15.2925 42.8082
 15.2596 42.7296
 15.2252 42.6485
 15.1878 42.5646
 15.1494 42.4787
 15.1138 42.3925
 15.0832 42.3084
 15.0572 42.2277
 15.0336 42.1503
 15.0105 42.075
 14.9879 42.0012
 14.9669 41.9299
 14.949 41.8634
 14.9341 41.8025
 14.9211 41.7455
60 34 98
 17.2316 47.7054
 17.2364 47.9442
 17.2454 48.159
 17.2605 48.3364
 17.2818 48.4775
 17.3087 48.5928
 17.3415 48.6961
 17.3816 48.7992
 17.4293 48.9097
 17.483 49.0294
 17.5394 49.1543
 17.5952 49.2767
 17.6486 49.3887
 17.6997 49.4853
 17.7495 49.5655
 17.8002 49.6309
 17.8544 49.6838
 17.9145 49.7263
 17.9814 49.7596
 18.0547 49.7841
 18.1334 49.8009
 18.2171 49.8118
 18.3056 49.8203
 18.398 49.8291
 18.4921 49.8391
 18.5855 49.8475
 18.6777 49.8498
 18.7711 49.8419
 18.8696 49.8212
 18.9768 49.7876
 19.0945 49.7433
 19.2224 49.6946
 19.3582 49.6525
 19.4992 49.6286
 19.6447 49.6292
 19.7969 49.6509
 19.9589 49.6822
 20.1306 49.7102
 20.3067 49.7257
 20.4796 49.7246
 20.6429 49.7055
 20.7938 49.6694
 20.9316 49.6215
 21.0559 49.5732
 21.1665 49.5398
 21.2652 49.5345
 21.3555 49.5613
 21.4418 49.6136
 21.5277 49.6776
 21.6146 49.7378
 21.7005 49.7819
 21.7795 49.8021
 21.8432 49.7948
 21.8835 49.76
 21.8964 49.7013
 21.884 49.6261
 21.8541 49.5441
 21.8181 49.4638
 21.7887 49.3901
 21.7759 49.3232
 21.7847 49.2602
 21.8146 49.1981
 21.8613 49.1343
 21.9198 49.0668
 21.9873 48.994
 22.0644 48.9163
 22.1557 48.8381
 22.2673 48.7677
 22.4025 48.7151
 22.5578 48.6876
 22.7231 48.687
 22.8865 48.7099
 23.0383 48.7502
 23.1729 48.8026
 23.2879 48.8639
 23.3832 48.9322
 23.463 49.0046
 23.5354 49.0764
 23.6108 49.1421
 23.6966 49.1958
 23.7946 49.2331
 23.9009 49.2526
 24.0082 49.2578
 24.1099 49.2562
 24.2027 49.2566
 24.2869 49.2648
 24.3655 49.2816
 24.4424 49.3042
 24.5199 49.3287
 24.5974 49.3511
 24.6718 49.3668
 24.7381 49.3701
 24.7921 49.3552
 24.832 49.319
 24.859 49.2627
 24.8769 49.1913
 24.8898 49.111
 24.9007 49.0273
61 42 71
 11.1018 42.1696
 11.3203 42.2664
 11.5133 42.3589
 11.6641 42.4472
 11.7687 42.537
 11.8322 42.6357
 11.8634 42.7473
 11.8713 42.8695
 11.8632 42.9957
 11.8456 43.1194
 11.8238 43.2387
 11.8036 43.3573
 11.7925 43.4812
 11.8005 43.6146
 11.838 43.7568
 11.9112 43.9018
 12.0166 44.0412
 12.1404 44.1677
 12.265 44.2789
 12.3762 44.3784
 12.4679 44.4754
 12.5401 44.5812
 12.5931 44.7041
 12.6241 44.8449
 12.6283 44.9943
 12.6031 45.1356
 12.5513 45.2518
 12.4809 45.3321
 12.4016 45.3761
 12.3202 45.393
 12.2394 45.3969
 12.1577 45.4026
 12.0721 45.4217
 11.9807 45.4604
 11.8838 45.5187
 11.7838 45.5919
 11.685 45.6733
 11.5916 45.756
 11.5067 45.8344
 11.4306 45.9048
 11.361 45.9664
 11.2943 46.0216
 11.2284 46.0751
 11.1629 46.1328
 11.0983 46.1979
 11.0339 46.2696
 10.9678 46.3424
 10.8976 46.4095
 10.8236 46.4663
 10.7494 46.5129
 10.6805 46.5535
 10.6216 46.5935
 10.5738 46.6373
 10.5342 46.6863
 10.4975 46.7384
 10.4591 46.7906
 10.4177 46.841
 10.3746 46.89
 10.3323 46.9395
 10.2919 46.9908
 10.253 47.0433
 10.2141 47.0947
 10.1741 47.1426
 10.1328 47.1866
 10.091 47.2278
 10.0498 47.2677
 10.0104 47.3069
 9.97406 47.3444
 9.94196 47.3785
 9.91419 47.4085
 9.88925 47.4356
61 28 5
 11.1018 42.1696
 11.023 41.9752
 10.9635 41.801
 10.9312 41.6556
 10.9179 41.5306
62 43 32
 14.8395 39.2974
 15.15 39.5447
 15.429 39.7612
 15.6555 39.9304
 15.8241 40.0557
 15.9416 40.1523
 16.0204 40.2372
 16.0723 40.3216
 16.1057 40.4102
 16.1252 40.5037
 16.1324 40.6015
 16.1276 40.7015
 16.11 40.798
 16.0792 40.8824
 16.0351 40.9457
 15.9778 40.9832
 15.9075 40.9981
 15.8245 41.0006
 15.7317 41.0045
 15.6349 41.0224
 15.5405 41.0627
 15.4513 41.1273
 15.3652 41.2107
 15.2785 41.3021
 15.1913 41.3894
 15.1088 41.4647
 15.0386 41.5265
 14.9858 41.5783
 14.9511 41.6242
 14.932 41.6668
 14.9237 41.7069
 14.9211 41.7455
62 31 4
 14.8395 39.2974
 14.6431 38.974
 14.4597 38.6689
 14.2893 38.3822
63 43 101
 13.4964 31.1997
 13.4891 31.455
 13.4819 31.704
 13.4739 31.9443
 13.4627 32.1769
 13.4428 32.4026
 13.406 32.6197
 13.3445 32.8258
 13.2564 33.0211
 13.1512 33.2083
 13.0499 33.3899
 12.9786 33.5664
 12.9578 33.7362
 12.9946 33.8976
 13.0826 34.0503
 13.2082 34.1959
 13.3579 34.3374
 13.5234 34.4768
 13.7017 34.611
 13.8957 34.7281
 14.1129 34.809
 14.3634 34.8337
 14.6529 34.7928
 14.9751 34.6943
 15.3096 34.564
 15.6263 34.4372
 15.8962 34.3487
 16.1013 34.3246
 16.2385 34.3767
 16.3181 34.5003
 16.3591 34.6766
 16.3824 34.8801
 16.4054 35.0902
 16.4381 35.2967
 16.4819 35.499
 16.5316 35.6994
 16.5804 35.898
 16.6238 36.092
 16.6635 36.2771
 16.7059 36.4483
 16.7582 36.6013
 16.8216 36.7367
 16.8882 36.8617
 16.9426 36.9901
 16.9701 37.1363
 16.9645 37.3083
 16.931 37.5036
 16.8829 37.7091
 16.8339 37.9063
 16.7904 38.0783
 16.7508 38.216
 16.7092 38.3199
 16.6623 38.3977
 16.6126 38.4603
 16.5672 38.5185
 16.5329 38.5814
 16.5123 38.6553
 16.5029 38.7429
 16.4991 38.8432
 16.4964 38.9513
 16.4931 39.0606
 16.4905 39.1644
 16.4904 39.2576
 16.492 39.3372
 16.4912 39.4024
 16.4823 39.4542
 16.4612 39.4957
 16.4271 39.5326
 16.3838 39.5725
 16.3374 39.623
 16.2936 39.6893
 16.2553 39.7721
 16.2219 39.8681
 16.1924 39.9723
 16.1671 40.08
 16.1482 40.1876
 16.1379 40.2933
 16.1354 40.3965
 16.1367 40.4981
 16.1361 40.5997
 16.1285 40.701
 16.1102 40.7979
 16.0792 40.8824
 16.0351 40.9457
 15.9778 40.9832
 15.9075 40.9981
 15.8245 41.0006
 15.7317 41.0045
 15.6349 41.0224
 15.5405 41.0627
 15.4513 41.1273
 15.3652 41.2107
 15.2785 41.3021
 15.1913 41.3894
 15.1088 41.4647
 15.0386 41.5265
 14.9858 41.5783
 14.9511 41.6242
 14.932 41.6668
 14.9237 41.7069
 14.9211 41.7455
63 29 5
 13.4964 31.1997
 13.4752 30.8612
 13.4539 30.5384
 13.4325 30.2377
 13.4109 29.9526
64 43 68
 18.6496 36.2703
 18.6641 36.4302
 18.6452 36.5656
 18.5714 36.6628
 18.4386 36.7224
 18.259 36.7541
 18.0531 36.7711
 17.8424 36.7884
 17.6432 36.8211
 17.4653 36.883
 17.312 36.9829
 17.1818 37.1227
 17.0712 37.2981
 16.9774 37.4982
 16.9001 37.707
 16.8391 37.9057
 16.7917 38.0782
 16.751 38.216
 16.7092 38.3199
 16.6623 38.3977
 16.6126 38.4603
 16.5672 38.5185
 16.5329 38.5814
 16.5123 38.6553
 16.5029 38.7429
 16.4991 38.8432
 16.4964 38.9513
 16.4931 39.0606
 16.4905 39.1644
 16.4904 39.2576
 16.492 39.3372
 16.4912 39.4024
 16.4823 39.4542
 16.4612 39.4957
 16.4271 39.5326
 16.3838 39.5725
 16.3374 39.623
 16.2936 39.6893
 16.2553 39.7721
 16.2219 39.8681
 16.1924 39.9723
 16.1671 40.08
 16.1482 40.1876
 16.1379 40.2933
 16.1354 40.3965
 16.1367 40.4981
 16.1361 40.5997
 16.1285 40.701
 16.1102 40.7979
 16.0792 40.8824
 16.0351 40.9457
 15.9778 40.9832
 15.9075 40.9981
 15.8245 41.0006
 15.7317 41.0045
 15.6349 41.0224
 15.5405 41.0627
 15.4513 41.1273
 15.3652 41.2107
 15.2785 41.3021
 15.1913 41.3894
 15.1088 41.4647
 15.0386 41.5265
 14.9858 41.5783
 14.9511 41.6242
 14.932 41.6668
 14.9237 41.7069
 14.9211 41.7455
64 26 39
 18.6496 36.2703
 18.6109 36.0608
 18.5987 35.8707
 18.628 35.7135
 18.6986 35.594
 18.8016 35.51
 18.9269 35.4546
 19.0663 35.417
 19.2117 35.386
 19.3539 35.3539
 19.4845 35.3204
 19.5978 35.2913
 19.6935 35.2739
 19.7751 35.2706
 19.8488 35.2771
 19.9209 35.2857
 19.9962 35.2909
 20.0768 35.294
 20.1625 35.3009
 20.2504 35.3175
 20.3369 35.3446
 20.4199 35.3774
 20.5013 35.4078
 20.5883 35.4293
 20.6917 35.4384
 20.8222 35.4351
 20.9858 35.4226
 21.1802 35.4057
 21.3936 35.3898
 21.6079 35.3791
 21.8049 35.3762
 21.9721 35.382
 22.1056 35.3973
 22.2088 35.4236
 22.288 35.4623
 22.3487 35.5131
 22.3953 35.5728
 22.4316 35.6375
 22.4622 35.7039
65 22 95
 27.8275 37.5946
 28.0742 37.6398
 28.3302 37.6898
 28.599 37.7486
 28.8737 37.8187
 29.1369 37.9017
 29.3678 37.9991
 29.5528 38.1137
 29.6943 38.2482
 29.8097 38.4033
 29.924 38.5737
 30.0586 38.7483
 30.2229 38.9119
 30.4109 39.0511
 30.6063 39.1592
 30.7917 39.2373
 30.958 39.2924
 31.107 39.3328
 31.2484 39.3648
 31.3921 39.3911
 31.5424 39.4108
 31.6966 39.422
 31.8474 39.4251
 31.9879 39.4247
 32.1166 39.4287
 32.2364 39.4446
 32.3516 39.4771
 32.4641 39.5266
 32.5723 39.5906
 32.6719 39.6648
 32.7584 39.7438
 32.8278 39.8222
 32.877 39.8958
 32.9049 39.9625
 32.9129 40.0228
 32.906 40.0801
 32.8925 40.14
 32.8809 40.2085
 32.8776 40.29
 32.8851 40.3843
 32.9025 40.4871
 32.9275 40.5921
 32.9571 40.6947
 32.9889 40.7932
 33.022 40.8877
 33.0581 40.9776
 33.1006 41.0608
 33.1531 41.136
 33.2172 41.2045
 33.2907 41.271
 33.3666 41.3406
 33.434 41.416
 33.4802 41.4967
 33.4955 41.5811
 33.4775 41.6689
 33.4342 41.7612
 33.3806 41.8592
 33.3324 41.9623
 33.2987 42.0686
 33.2797 42.1753
 33.2679 42.2804
 33.2536 42.3814
 33.2283 42.4738
 33.1881 42.5518
 33.1335 42.6102
 33.0689 42.6479
 33.0005 42.6686
 32.934 42.6784
 32.8737 42.6813
 32.822 42.6771
 32.7792 42.6621
 32.7435 42.6332
 32.7111 42.5918
 32.6774 42.5439
 32.6387 42.4982
 32.5932 42.4615
 32.5413 42.4366
 32.4843 42.423
 32.4229 42.419
 32.3576 42.4238
 32.2902 42.4384
 32.2248 42.465
 32.1681 42.5057
 32.1258 42.5609
 32.0993 42.6279
 32.0833 42.7008
 32.0667 42.7726
 32.0367 42.8368
 31.9846 42.8885
 31.9102 42.9243
 31.8218 42.9431
 31.7324 42.9466
 31.6532 42.9387
 31.5884 42.9241
 31.5336 42.9068
65 26 34
 27.8275 37.5946
 27.6257 37.4374
 27.4188 37.2839
 27.1949 37.1424
 26.9393 37.0231
 26.6463 36.9306
 26.3277 36.8609
 26.0089 36.8073
 25.7156 36.7707
 25.463 36.7618
 25.2532 36.7933
 25.0794 36.8661
 24.9297 36.9625
 24.7903 37.0507
 24.6474 37.0967
 24.4915 37.0782
 24.3216 36.992
 24.1463 36.8521
 23.9788 36.6814
 23.8282 36.5023
 23.6934 36.3305
 23.5649 36.174
 23.4335 36.0359
 23.2972 35.9176
 23.1624 35.8201
 23.0379 35.7439
 22.9287 35.688
 22.8342 35.65
 22.7502 35.628
 22.6742 35.6205
 22.6063 35.6267
 22.5488 35.6449
 22.502 35.672
 22.4622 35.7039
66 43 82
 19.7385 43.2689
 19.9563 43.0118
 20.1618 42.7764
 20.3488 42.5758
 20.5179 42.4101
 20.6722 42.2674
 20.8115 42.1301
 20.9291 41.9815
 21.0143 41.8116
 21.0571 41.6181
 21.055 41.4044
 21.0145 41.1779
 20.9485 40.9494
 20.8703 40.7333
 20.7874 40.5462
 20.7002 40.4029
 20.6037 40.3102
 20.4901 40.2645
 20.3532 40.2533
 20.1913 40.2605
 20.0093 40.2712
 19.82 40.2731
 19.642 40.2567
 19.4955 40.2139
 19.3947 40.1396
 19.3404 40.0354
 19.3169 39.9123
 19.2975 39.7894
 19.2551 39.6866
 19.1707 39.6175
 19.0373 39.586
 18.859 39.5883
 18.6484 39.6174
 18.4242 39.6651
 18.2077 39.7227
 18.0171 39.7811
 17.8605 39.8327
 17.7326 39.8736
 17.619 39.9042
 17.5044 39.9281
 17.381 39.9507
 17.252 39.9784
 17.1285 40.018
 17.023 40.0741
 16.9428 40.1471
 16.8873 40.2313
 16.85 40.3173
 16.8219 40.3945
 16.794 40.4537
 16.7601 40.4893
 16.7175 40.5015
 16.6664 40.4968
 16.6087 40.486
 16.5466 40.4794
 16.4815 40.4821
 16.4155 40.493
 16.3516 40.5087
 16.2936 40.5281
 16.2446 40.5546
 16.2054 40.5942
 16.1742 40.6514
 16.1467 40.7252
 16.1175 40.8076
 16.0817 40.8857
 16.0357 40.9466
 15.978 40.9834
 15.9075 40.9981
 15.8245 41.0006
 15.7317 41.0045
 15.6349 41.0224
 15.5405 41.0627
 15.4513 41.1273
 15.3652 41.2107
 15.2785 41.3021
 15.1913 41.3894
 15.1088 41.4647
 15.0386 41.5265
 14.9858 41.5783
 14.9511 41.6242
 14.932 41.6668
 14.9237 41.7069
 14.9211 41.7455
66 37 3
 19.7385 43.2689
 19.5691 43.4782
 19.3998 43.6873
67 45 48
 32.4836 46.6768
 32.6719 46.5876
 32.8519 46.486
 33.0166 46.368
 33.1622 46.2384
 33.2899 46.1065
 33.4065 45.9813
 33.5225 45.8714
 33.6473 45.7868
 33.7853 45.7362
 33.9341 45.7214
 34.0865 45.7324
 34.2352 45.7508
 34.3766 45.7593
 34.5111 45.75
 34.6413 45.7269
 34.7705 45.6999
 34.9011 45.6778
 35.0342 45.6646
 35.1693 45.6604
 35.3061 45.6639
 35.4457 45.6731
 35.5887 45.6838
 35.7317 45.6893
 35.8663 45.6828
 35.9824 45.6622
 36.0753 45.6314
 36.1497 45.5993
 36.2165 45.5749
 36.2858 45.5655
 36.3622 45.5757
 36.4465 45.6074
 36.5408 45.6586
 36.6511 45.7206
 36.7853 45.7785
 36.9464 45.8146
 37.1279 45.815
 37.3148 45.7749
 37.4909 45.7005
 37.6468 45.6075
 37.7823 45.5161
 37.9028 45.4446
 38.0128 45.4041
 38.1125 45.3961
 38.1996 45.4143
 38.2724 45.4484
 38.3328 45.4893
 38.3862 45.5321
67 32 12
 32.4836 46.6768
 32.3708 46.8123
 32.2658 46.9325
 32.1717 47.0264
 32.0862 47.091
 32.0067 47.1319
 31.9338 47.1603
 31.8717 47.1881
 31.8246 47.2236
 31.7929 47.269
 31.7735 47.3219
 31.7605 47.3785
68 8 56
 46.7019 49.0476
 46.6217 48.6799
 46.531 48.3397
 46.4265 48.0471
 46.3118 47.8108
 46.1904 47.6295
 46.062 47.4957
 45.9243 47.3995
 45.7781 47.3321
 45.6294 47.2867
 45.4875 47.2578
 45.3608 47.2394
 45.2536 47.2246
 45.1645 47.2075
 45.0883 47.1848
 45.0178 47.1565
 44.9463 47.1253
 44.8675 47.0962
 44.7769 47.0738
 44.6715 47.0599
 44.5501 47.0503
 44.4109 47.035
 44.2518 47.0016
 44.0726 46.9402
 43.8792 46.8481
 43.6852 46.7324
 43.5069 46.6082
 43.3551 46.493
 43.2298 46.3997
 43.1227 46.3324
 43.024 46.2882
 42.9286 46.2605
 42.8354 46.2433
 42.7445 46.2334
 42.6557 46.2303
 42.5682 46.2357
 42.4822 46.2512
 42.3988 46.2788
 42.318 46.3206
 42.2379 46.3798
 42.1547 46.4572
 42.0634 46.5469
 41.9598 46.6334
 41.8417 46.6965
 41.7116 46.7203
 41.5763 46.7022
 41.4455 46.6528
 41.3264 46.5897
 41.2212 46.5278
 41.1263 46.474
 41.0371 46.428
 40.9517 46.3858
 40.8718 46.3443
 40.8006 46.3025
 40.7388 46.2607
 40.6831 46.2192
68 2 13
 46.7019 49.0476
 46.7241 49.2825
 46.7255 49.4834
 46.6931 49.6311
 46.6264 49.7262
 46.5362 49.7816
 46.4389 49.8119
 46.3482 49.8272
 46.271 49.8338
 46.2075 49.837
 46.1543 49.8417
 46.1076 49.8505
 46.064 49.8626
69 19 11
 35.8947 7.19892
 36.049 6.92285
 36.1816 6.67416
 36.2754 6.46733
 36.3219 6.30053
 36.3229 6.16266
 36.2895 6.04355
 36.2373 5.93934
 36.18 5.85061
 36.1256 5.7769
 36.075 5.71284
69 47 37
 35.8947 7.19892
 36.1185 7.49184
 36.305 7.76518
 36.431 8.00754
 36.4926 8.21749
 36.4985 8.39931
 36.4583 8.55802
 36.3767 8.69784
 36.2544 8.82408
 36.0953 8.94569
 35.911 9.0765
 35.7189 9.23396
 35.5371 9.43554
 35.3792 9.69397
 35.2533 10.0118
 35.1659 10.3769
 35.1264 10.7608
 35.1473 11.1242
 35.239 11.4289
 35.4014 11.6525
 35.6207 11.795
 35.8735 11.8742
 36.1358 11.9121
 36.3912 11.9254
 36.6334 11.9224
 36.8623 11.9058
 37.0787 11.8745
 37.2795 11.8243
 37.4583 11.7506
 37.6093 11.6531
 37.7304 11.5392
 37.8254 11.421
 37.9015 11.3106
 37.9659 11.2164
 38.0234 11.1415
 38.0768 11.0835
 38.1282 11.0355
70 9 14
 15.0213 3.11128
 14.9168 3.18388
 14.8222 3.25768
 14.7441 3.33626
 14.6851 3.42468
 14.6456 3.52514
 14.6255 3.63298
 14.6251 3.73655
 14.6443 3.82188
 14.6813 3.87905
 14.7321 3.90606
 14.7914 3.90812
 14.854 3.894
 14.9173 3.87237
70 38 138
 15.0213 3.11128
 15.0852 3.13044
 15.1533 3.15482
 15.2279 3.18332
 15.308 3.20782
 15.3893 3.2182
 15.4647 3.20875
 15.5278 3.18089
 15.5754 3.14134
 15.6101 3.09813
 15.6393 3.05753
 15.6724 3.02284
 15.7164 2.9943
 15.7727 2.96948
 15.8368 2.94404
 15.9012 2.91295
 15.9592 2.87198
 16.009 2.81865
 16.0528 2.75246
 16.0946 2.67473
 16.1369 2.58842
 16.1794 2.49767
 16.2201 2.40702
 16.2578 2.32021
 16.2936 2.23916
 16.33 2.16368
 16.3692 2.09207
 16.4116 2.02217
 16.456 1.95245
 16.5018 1.88225
 16.5491 1.81123
 16.5986 1.73879
 16.6496 1.66409
 16.6991 1.58714
 16.7431 1.50954
 16.7776 1.434
 16.8013 1.36251
 16.8155 1.29481
 16.8238 1.2285
 16.8301 1.16123
 16.8379 1.09347
 16.8508 1.03008
 16.8727 0.979199
 16.9076 0.948665
 16.9573 0.942302
 17.0194 0.958715
 17.0881 0.993115
 17.1577 1.03996
 17.2251 1.09388
 17.2905 1.14865
 17.3556 1.19603
 17.421 1.22652
 17.4853 1.23186
 17.5458 1.20823
 17.6005 1.15821
 17.6498 1.09064
 17.6976 1.01787
 17.7487 0.951395
 17.8064 0.897779
 17.8695 0.85707
 17.9329 0.824486
 17.9889 0.794218
 18.0297 0.762872
 18.0491 0.730484
 18.0441 0.698901
 18.0159 0.669335
 17.9699 0.641314
 17.9146 0.613554
 17.86 0.585307
 17.8155 0.556596
 17.7883 0.527282
 17.7811 0.496255
 17.7921 0.461771
 17.8162 0.422785
 17.8475 0.380117
 17.8816 0.336326
 17.9159 0.294249
 17.9495 0.25546
 17.9826 0.220035
 18.0161 0.187787
 18.0508 0.159834
 18.0869 0.139101
 18.123 0.129268
 18.1569 0.132741
 18.1869 0.148812
 18.2142 0.173115
 18.2423 0.198928
 18.2759 0.219886
 18.3177 0.232783
 18.3671 0.238846
 18.4208 0.242552
 18.4752 0.248586
 18.5285 0.258965
 18.5802 0.272387
 18.6308 0.286119
 18.6805 0.29863
 18.729 0.310661
 18.7763 0.323985
 18.8236 0.339248
 18.873 0.354924
 18.9262 0.368306
 18.983 0.377732
 19.0412 0.384331
 19.0964 0.391982
 19.1443 0.405495
 19.1818 0.42828
 19.2077 0.460957
 19.222 0.501562
 19.2251 0.546852
 19.2174 0.593659
 19.2015 0.639333
 19.1826 0.681276
 19.1679 0.716633
 19.1644 0.743239
 19.175 0.761445
 19.1985 0.775028
 19.2304 0.789869
 19.2661 0.811119
 19.3031 0.840899
 19.3421 0.877912
 19.3853 0.918678
 19.435 0.959268
 19.4916 0.99679
 19.5522 1.0304
 19.6107 1.06156
 19.6594 1.09317
 19.6905 1.12779
 19.6985 1.16618
 19.682 1.20732
 19.6432 1.24987
 19.5885 1.29335
 19.5262 1.338
 19.4651 1.38361
 19.4121 1.42892
 19.3707 1.4723
 19.3412 1.51274
 19.3211 1.55044
 19.3061 1.58653
71 38 141
 14.6741 2.07176
 14.7982 2.31422
 14.9124 2.53743
 15.0107 2.72964
 15.0938 2.88825
 15.1678 3.01522
 15.2403 3.11153
 15.3157 3.17551
 15.3929 3.20576
 15.4661 3.20475
 15.5282 3.17985
 15.5755 3.14113
 15.6101 3.0981
 15.6393 3.05753
 15.6724 3.02284
 15.7164 2.9943
 15.7727 2.96948
 15.8368 2.94404
 15.9012 2.91295
 15.9592 2.87198
 16.009 2.81865
 16.0528 2.75246
 16.0946 2.67473
 16.1369 2.58842
 16.1794 2.49767
 16.2201 2.40702
 16.2578 2.32021
 16.2936 2.23916
 16.33 2.16368
 16.3692 2.09207
 16.4116 2.02217
 16.456 1.95245
 16.5018 1.88225
 16.5491 1.81123
 16.5986 1.73879
 16.6496 1.66409
 16.6991 1.58714
 16.7431 1.50954
 16.7776 1.434
 16.8013 1.36251
 16.8155 1.29481
 16.8238 1.2285
 16.8301 1.16123
 16.8379 1.09347
 16.8508 1.03008
 16.8727 0.979199
 16.9076 0.948665
 16.9573 0.942302
 17.0194 0.958715
 17.0881 0.993115
 17.1577 1.03996
 17.2251 1.09388
 17.2905 1.14865
 17.3556 1.19603
 17.421 1.22652
 17.4853 1.23186
 17.5458 1.20823
 17.6005 1.15821
 17.6498 1.09064
 17.6976 1.01787
 17.7487 0.951395
 17.8064 0.897779
 17.8695 0.85707
 17.9329 0.824486
 17.9889 0.794218
 18.0297 0.762872
 18.0491 0.730484
 18.0441 0.698901
 18.0159 0.669335
 17.9699 0.641314
 17.9146 0.613554
 17.86 0.585307
 17.8155 0.556596
 17.7883 0.527282
 17.7811 0.496255
 17.7921 0.461771
 17.8162 0.422785
 17.8475 0.380117
 17.8816 0.336326
 17.9159 0.294249
 17.9495 0.25546
 17.9826 0.220035
 18.0161 0.187787
 18.0508 0.159834
 18.0869 0.139101
 18.123 0.129268
 18.1569 0.132741
 18.1869 0.148812
 18.2142 0.173115
 18.2423 0.198928
 18.2759 0.219886
 18.3177 0.232783
 18.3671 0.238846
 18.4208 0.242552
 18.4752 0.248586
 18.5285 0.258965
 18.5802 0.272387
 18.6308 0.286119
 18.6805 0.29863
 18.729 0.310661
 18.7763 0.323985
 18.8236 0.339248
 18.873 0.354924
 18.9262 0.368306
 18.983 0.377732
 19.0412 0.384331
 19.0964 0.391982
 19.1443 0.405495
 19.1818 0.42828
 19.2077 0.460957
 19.222 0.501562
 19.2251 0.546852
 19.2174 0.593659
 19.2015 0.639333
 19.1826 0.681276
 19.1679 0.716633
 19.1644 0.743239
 19.175 0.761445
 19.1985 0.775028
 19.2304 0.789869
 19.2661 0.811119
 19.3031 0.840899
 19.3421 0.877912
 19.3853 0.918678
 19.435 0.959268
 19.4916 0.99679
 19.5522 1.0304
 19.6107 1.06156
 19.6594 1.09317
 19.6905 1.12779
 19.6985 1.16618
 19.682 1.20732
 19.6432 1.24987
 19.5885 1.29335
 19.5262 1.338
 19.4651 1.38361
 19.4121 1.42892
 19.3707 1.4723
 19.3412 1.51274
 19.3211 1.55044
 19.3061 1.58653
71 6 10
 14.6741 2.07176
 14.6492 1.76404
 14.6235 1.4719
 14.5963 1.2062
 14.5674 0.97192
 14.5365 0.769747
 14.504 0.597539
 14.4708 0.450476
 14.438 0.321261
 14.406 0.201161
72 41 107
 13.2273 18.4814
 13.1786 18.3208
 13.1208 18.1738
 13.0499 18.0483
 12.9695 17.9434
 12.8882 17.8511
 12.8132 17.7611
 12.7452 17.6642
 12.6778 17.5539
 12.6044 17.4257
 12.523 17.2764
 12.4378 17.1035
 12.3551 16.9075
 12.28 16.693
 12.2153 16.4704
 12.1623 16.2529
 12.1216 16.0508
 12.0923 15.8667
 12.0719 15.6949
 12.0566 15.5246
 12.0434 15.3466
 12.032 15.157
 12.0252 14.9588
 12.0272 14.76
 12.0413 14.571
 12.0685 14.3998
 12.1061 14.2477
 12.1469 14.1092
 12.1797 13.9759
 12.193 13.8429
 12.1815 13.7118
 12.1505 13.5877
 12.1132 13.4729
 12.0823 13.3649
 12.0629 13.2589
 12.0511 13.1527
 12.0399 13.0486
 12.0255 12.9498
 12.0101 12.8572
 11.9991 12.7677
 11.9956 12.6776
 11.9983 12.585
 12.002 12.4915
 12.0016 12.3997
 11.9954 12.3119
 11.9853 12.2284
 11.9763 12.148
 11.9737 12.0693
 11.9811 11.9914
 11.9988 11.9144
 12.0245 11.8387
 12.0542 11.7653
 12.083 11.6959
 12.1065 11.6325
 12.121 11.5767
 12.1238 11.5295
 12.1132 11.4907
 12.089 11.4583
 12.0539 11.4287
 12.0133 11.3967
 11.9749 11.3572
 11.945 11.3077
 11.9269 11.2493
 11.9203 11.186
 11.9227 11.1224
 11.9304 11.0618
 11.9391 11.0056
 11.9429 10.9538
 11.9363 10.9059
 11.9157 10.8603
 11.8817 10.8149
 11.8386 10.7662
 11.7934 10.7114
 11.7533 10.6489
 11.7244 10.5793
 11.7107 10.5056
 11.7139 10.4328
 11.7328 10.3667
 11.7646 10.3121
 11.8063 10.27
 11.8558 10.2379
 11.9117 10.2105
 11.9731 10.1835
 12.0377 10.1551
 12.1017 10.1261
 12.1591 10.0976
 12.203 10.0692
 12.2273 10.0388
 12.2299 10.0044
 12.2137 9.96552
 12.1868 9.92457
 12.1599 9.88485
 12.144 9.84837
 12.1469 9.814
 12.171 9.77731
 12.2126 9.73216
 12.262 9.67337
 12.3065 9.59896
 12.3343 9.51097
 12.3382 9.41457
 12.3167 9.31654
 12.2733 9.2241
 12.2148 9.14428
 12.1493 9.08281
 12.0841 9.04237
 12.0232 9.02065
 11.9661 9.01005
72 12 30
 13.2273 18.4814
 13.2102 18.6489
 13.198 18.8064
 13.1936 18.9497
 13.1961 19.0803
 13.1989 19.2012
 13.1924 19.3135
 13.1688 19.4171
 13.129 19.5125
 13.0836 19.6024
 13.0472 19.6893
 13.0299 19.7741
 13.0318 19.8563
 13.0455 19.9357
 13.0637 20.0136
 13.084 20.0928
 13.1098 20.1757
 13.1447 20.2624
 13.1893 20.3512
 13.2401 20.4399
 13.2927 20.5267
 13.3446 20.6108
 13.3956 20.6921
 13.4465 20.7705
 13.4964 20.8451
 13.5428 20.9142
 13.5821 20.9754
 13.6119 21.0278
 13.6329 21.0723
 13.6486 21.1121
73 42 41
 13.4864 48.7207
 13.2968 48.4472
 13.1101 48.2048
 12.9246 48.0137
 12.7346 47.8807
 12.5339 47.8028
 12.3215 47.7718
 12.104 47.774
 11.8945 47.7878
 11.7082 47.7868
 11.5573 47.7491
 11.4461 47.6675
 11.3683 47.5531
 11.3098 47.4285
 11.2543 47.3167
 11.1909 47.232
 11.117 47.1775
 11.0369 47.1482
 10.9569 47.1362
 10.8816 47.1344
 10.8134 47.1387
 10.7526 47.1482
 10.6983 47.1633
 10.6484 47.1832
 10.5996 47.2047
 10.549 47.2228
 10.4947 47.2334
 10.4372 47.2344
 10.3789 47.2266
 10.3226 47.2137
 10.2703 47.2013
 10.222 47.195
 10.1768 47.1987
 10.1333 47.2137
 10.0909 47.2388
 10.0497 47.2714
 10.0103 47.3079
 9.97405 47.3447
 9.94195 47.3786
 9.91419 47.4085
 9.88925 47.4356
73 18 7
 13.4864 48.7207
 13.6239 48.9245
 13.7556 49.1078
 13.8771 49.2573
 13.9857 49.3708
 14.0822 49.4556
 14.1714 49.5249
74 43 80
 13.4784 46.0039
 13.6972 46.0444
 13.9025 46.0936
 14.0888 46.1549
 14.2587 46.2241
 14.4177 46.2898
 14.5676 46.3374
 14.705 46.356
 14.8252 46.3436
 14.9279 46.3081
 15.02 46.2639
 15.1133 46.2259
 15.219 46.2043
 15.3417 46.2022
 15.4758 46.216
 15.6079 46.2375
 15.7223 46.2562
 15.8068 46.2624
 15.8566 46.2493
 15.8745 46.2148
 15.8693 46.1609
 15.8523 46.0919
 15.8331 46.013
 15.8176 45.9287
 15.808 45.8424
 15.8053 45.7553
 15.8099 45.6669
 15.8213 45.5753
 15.8356 45.4792
 15.846 45.3802
 15.8451 45.283
 15.8281 45.1947
 15.7943 45.1222
 15.7468 45.07
 15.6903 45.0382
 15.6306 45.0205
 15.5742 45.0054
 15.5268 44.9798
 15.4923 44.9348
 15.4707 44.8688
 15.459 44.7874
 15.4526 44.6988
 15.4484 44.609
 15.4469 44.5194
 15.4519 44.4273
 15.4677 44.3294
 15.4961 44.2251
 15.5328 44.1186
 15.5696 44.0171
 15.5973 43.9269
 15.6108 43.8505
 15.6103 43.7866
 15.5998 43.7313
 15.5839 43.6801
 15.566 43.6287
 15.5486 43.5733
 15.5334 43.5113
 15.5213 43.442
 15.511 43.3664
 15.4985 43.2866
 15.4785 43.2048
 15.4483 43.1227
 15.4094 43.0417
 15.3673 42.9627
 15.3277 42.8853
 15.2925 42.8082
 15.2596 42.7296
 15.2252 42.6485
 15.1878 42.5646
 15.1494 42.4787
 15.1138 42.3925
 15.0832 42.3084
 15.0572 42.2277
 15.0336 42.1503
 15.0105 42.075
 14.9879 42.0012
 14.9669 41.9299
 14.949 41.8634
 14.9341 41.8025
 14.9211 41.7455
74 42 50
 13.4784 46.0039
 13.2651 45.9481
 13.0693 45.8783
 12.9 45.7902
 12.756 45.6919
 12.6308 45.598
 12.519 45.5207
 12.4181 45.4646
 12.3266 45.4281
 12.2415 45.4084
 12.1582 45.4056
 12.0722 45.4223
 11.9807 45.4605
 11.8838 45.5187
 11.7838 45.5919
 11.685 45.6733
 11.5916 45.756
 11.5067 45.8344
 11.4306 45.9048
 11.361 45.9664
 11.2943 46.0216
 11.2284 46.0751
 11.1629 46.1328
 11.0983 46.1979
 11.0339 46.2696
 10.9678 46.3424
 10.8976 46.4095
 10.8236 46.4663
 10.7494 46.5129
 10.6805 46.5535
 10.6216 46.5935
 10.5738 46.6373
 10.5342 46.6863
 10.4975 46.7384
 10.4591 46.7906
 10.4177 46.841
 10.3746 46.89
 10.3323 46.9395
 10.2919 46.9908
 10.253 47.0433
 10.2141 47.0947
 10.1741 47.1426
 10.1328 47.1866
 10.091 47.2278
 10.0498 47.2677
 10.0104 47.3069
 9.97406 47.3444
 9.94196 47.3785
 9.91419 47.4085
 9.88925 47.4356
75 45 13
 40.1177 45.6178
 39.8202 45.6864
 39.5528 45.7634
 39.3321 45.8492
 39.1574 45.9331
 39.0161 45.9987
 38.8939 46.0301
 38.7815 46.0175
 38.6767 45.9607
 38.5824 45.8695
 38.503 45.7596
 38.4394 45.6451
 38.3862 45.5321
75 8 9
 40.1177 45.6178
 40.3918 45.6989
 40.6162 45.7809
 40.7604 45.8643
 40.8216 45.9478
 40.8196 46.0279
 40.7827 46.1003
 40.7336 46.1631
 40.6831 46.2192
76 12 91
 18.3547 28.2681
 18.2815 28.1199
 18.2084 27.9777
 18.134 27.8444
 18.0557 27.7201
 17.9724 27.6026
 17.8857 27.4892
 17.7997 27.3777
 17.7192 27.2664
 17.6486 27.1554
 17.5904 27.0466
 17.5442 26.9442
 17.5056 26.8524
 17.4684 26.7734
 17.4276 26.7042
 17.3816 26.637
 17.3325 26.5618
 17.283 26.4722
 17.2347 26.3696
 17.1875 26.263
 17.1402 26.1636
 17.0909 26.0794
 17.0384 26.0124
 16.9833 25.959
 16.9293 25.9119
 16.88 25.8621
 16.8339 25.802
 16.7826 25.7286
 16.7145 25.6455
 16.6219 25.5606
 16.5068 25.4809
 16.3795 25.4073
 16.2515 25.3347
 16.1287 25.2558
 16.0107 25.1677
 15.8952 25.0739
 15.7819 24.9828
 15.6743 24.9033
 15.5767 24.8391
 15.4919 24.7861
 15.4209 24.7341
 15.3632 24.6712
 15.3178 24.5902
 15.2812 24.4913
 15.2476 24.381
 15.2097 24.2684
 15.1627 24.1615
 15.1071 24.0639
 15.0484 23.9755
 14.994 23.8927
 14.9468 23.8113
 14.9026 23.7277
 14.8521 23.6404
 14.7868 23.5492
 14.705 23.4549
 14.6138 23.3588
 14.527 23.2629
 14.4592 23.1702
 14.4196 23.0844
 14.4083 23.0079
 14.4165 22.9409
 14.4319 22.8801
 14.4445 22.8202
 14.4494 22.7567
 14.4467 22.6877
 14.4385 22.615
 14.4264 22.5425
 14.4103 22.4757
 14.3882 22.4191
 14.3574 22.3743
 14.3157 22.3399
 14.2629 22.3111
 14.2017 22.2825
 14.1365 22.2499
 14.0722 22.2113
 14.013 22.1657
 13.9615 22.1119
 13.9188 22.0484
 13.8843 21.9743
 13.8558 21.8906
 13.8303 21.8006
 13.8044 21.7088
 13.7754 21.6196
 13.7421 21.5363
 13.7063 21.4599
 13.6731 21.3905
 13.6482 21.3271
 13.6352 21.2687
 13.6334 21.2141
 13.6393 21.1624
 13.6486 21.1121
76 26 76
 18.3547 28.2681
 18.4725 28.4675
 18.5805 28.6536
 18.6717 28.819
 18.7435 28.9645
 18.7974 29.0959
 18.8369 29.2191
 18.8667 29.3379
 18.8916 29.4538
 18.916 29.568
 18.9436 29.682
 18.9775 29.7973
 19.0206 29.9127
 19.076 30.0237
 19.1471 30.123
 19.2356 30.2054
 19.3399 30.2737
 19.4545 30.3395
 19.5706 30.4183
 19.6793 30.5216
 19.7739 30.6507
 19.8512 30.7982
 19.9102 30.9541
 19.9511 31.1119
 19.9747 31.2698
 19.9851 31.4289
 19.9893 31.5918
 19.9948 31.7627
 20.0022 31.9457
 20.0023 32.1415
 19.9811 32.3442
 19.9315 32.5425
 19.8584 32.7254
 19.775 32.8875
 19.6933 33.0311
 19.6172 33.1638
 19.5442 33.2948
 19.4716 33.4321
 19.402 33.5809
 19.3439 33.7428
 19.3082 33.9159
 19.3015 34.0951
 19.323 34.2733
 19.3659 34.4429
 19.4219 34.5978
 19.4844 34.7343
 19.5496 34.852
 19.6148 34.9534
 19.6782 35.042
 19.739 35.1201
 19.7986 35.1861
 19.8596 35.2368
 19.9252 35.2693
 19.9976 35.2854
 20.0772 35.2925
 20.1626 35.3006
 20.2504 35.3174
 20.3369 35.3446
 20.4199 35.3774
 20.5013 35.4078
 20.5883 35.4293
 20.6917 35.4384
 20.8222 35.4351
 20.9858 35.4226
 21.1802 35.4057
 21.3936 35.3898
 21.6079 35.3791
 21.8049 35.3762
 21.9721 35.382
 22.1056 35.3973
 22.2088 35.4236
 22.288 35.4623
 22.3487 35.5131
 22.3953 35.5728
 22.4316 35.6375
 22.4622 35.7039
77 7 30
 26.6298 22.9218
 26.8328 23.3384
 27.0289 23.7153
 27.2167 24.0299
 27.4035 24.2813
 27.6018 24.4835
 27.8237 24.6536
 28.0715 24.8063
 28.3341 24.9552
 28.5888 25.1156
 28.8117 25.3001
 28.9866 25.5122
 29.11 25.7433
 29.189 25.9781
 29.237 26.2041
 29.2697 26.4181
 29.3012 26.6245
 29.341 26.8314
 29.3919 27.0454
 29.4506 27.2696
 29.5092 27.5055
 29.5569 27.756
 29.5834 28.0248
 29.5836 28.3117
 29.5621 28.6068
 29.5316 28.8903
 29.5064 29.1413
 29.4954 29.3481
 29.4992 29.5142
 29.5119 29.6565
77 21 28
 26.6298 22.9218
 26.0509 22.3534
 25.4933 21.8083
 24.9776 21.2966
 24.5235 20.8117
 24.1506 20.3374
 23.8797 19.8574
 23.7303 19.3628
 23.7135 18.8574
 23.8248 18.3584
 24.042 17.8929
 24.3287 17.4891
 24.6422 17.1685
 24.942 16.9393
 25.1985 16.7915
 25.3962 16.696
 25.5315 16.6098
 25.6062 16.4883
 25.6258 16.3016
 25.6042 16.0454
 25.5692 15.7441
 25.5594 15.4406
 25.6104 15.1758
 25.7367 14.9691
 25.9261 14.8126
 26.1506 14.6834
 26.3841 14.561
 26.6159 14.437
78 36 47
 6.23645 6.24971
 6.57315 5.52558
 6.89513 4.87877
 7.19288 4.36981
 7.46425 4.0276
 7.71252 3.8436
 7.94195 3.78078
 8.1543 3.79305
 8.34899 3.84285
 8.52618 3.90806
 8.68928 3.97898
 8.84385 4.05237
 8.99397 4.12835
 9.13945 4.21023
 9.27686 4.30415
 9.40343 4.41581
 9.52017 4.54565
 9.63194 4.68607
 9.74483 4.82321
 9.86349 4.94229
 9.98999 5.03382
 10.1239 5.09705
 10.2628 5.13904
 10.4015 5.17009
 10.5333 5.19848
 10.6514 5.22717
 10.7524 5.25372
 10.8384 5.27296
 10.9158 5.28088
 10.9928 5.27708
 11.0756 5.2638
 11.1672 5.24273
 11.2671 5.21304
 11.3727 5.17325
 11.4814 5.1255
 11.5919 5.0781
 11.705 5.04328
 11.8225 5.03146
 11.946 5.0462
 12.0737 5.08348
 12.1979 5.13514
 12.3058 5.19332
 12.3842 5.25265
 12.4259 5.31011
 12.4327 5.36415
 12.4139 5.41455
 12.3822 5.46256
78 5 10
 6.23645 6.24971
 5.98399 6.28227
 5.76023 6.25718
 5.57858 6.14304
 5.43245 5.94552
 5.3037 5.69816
 5.17627 5.4416
 5.04426 5.20469
 4.90963 4.99622
 4.77504 4.80697
79 9 50
 13.1863 5.79522
 13.22 5.71978
 13.2564 5.65151
 13.2966 5.5932
 13.3397 5.54182
 13.3826 5.49064
 13.4209 5.43285
 13.4512 5.36451
 13.4725 5.28562
 13.487 5.19946
 13.498 5.11103
 13.5078 5.02526
 13.5174 4.94569
 13.5274 4.87374
 13.5403 4.80883
 13.5595 4.74921
 13.5874 4.69318
 13.6231 4.63999
 13.6642 4.5901
 13.708 4.5449
 13.7538 4.50623
 13.8022 4.47571
 13.8537 4.45377
 13.9078 4.43866
 13.9631 4.4269
 14.0175 4.41513
 14.0698 4.40238
 14.1194 4.39083
 14.1656 4.38432
 14.2077 4.38564
 14.2455 4.39461
 14.2801 4.408
 14.3138 4.4209
 14.3481 4.42818
 14.382 4.42544
 14.4119 4.40976
 14.4342 4.38054
 14.4474 4.34005
 14.4544 4.29291
 14.4611 4.24449
 14.4735 4.19892
 14.4949 4.15786
 14.5255 4.12052
 14.5641 4.08467
 14.6099 4.04838
 14.663 4.01117
 14.7228 3.974
 14.7868 3.93825
 14.8522 3.90457
 14.9173 3.87237
79 36 22
 13.1863 5.79522
 13.158 5.8734
 13.1196 5.94485
 13.0655 6.00374
 12.9965 6.04616
 12.9175 6.07087
 12.8359 6.07942
 12.7589 6.07477
 12.6924 6.05911
 12.6404 6.03258
 12.6046 5.9945
 12.5845 5.94582
 12.5766 5.89034
 12.5738 5.83362
 12.5667 5.78034
 12.5486 5.73239
 12.5186 5.68864
 12.4821 5.64631
 12.4468 5.6029
 12.4184 5.55745
 12.3978 5.51037
 12.3822 5.46256
80 41 61
 7.44213 12.4401
 7.57632 12.225
 7.71273 12.0397
 7.85169 11.9051
 7.99164 11.8291
 8.13116 11.8073
 8.27136 11.8262
 8.4165 11.8659
 8.57239 11.9038
 8.74387 11.9182
 8.93303 11.8951
 9.13869 11.8319
 9.35684 11.736
 9.58099 11.6171
 9.80211 11.4807
 10.0091 11.3278
 10.1912 11.1615
 10.3419 10.9915
 10.4623 10.8323
 10.5602 10.6957
 10.6458 10.5857
 10.7266 10.4979
 10.8058 10.4242
 10.8838 10.3582
 10.9617 10.2976
 11.0424 10.2443
 11.1289 10.2025
 11.2231 10.1757
 11.3242 10.1645
 11.4287 10.1668
 11.5312 10.1779
 11.6257 10.1924
 11.7088 10.2054
 11.7809 10.2126
 11.8459 10.2111
 11.9085 10.1999
 11.9722 10.1801
 12.0375 10.1542
 12.1017 10.1259
 12.1591 10.0975
 12.203 10.0692
 12.2273 10.0388
 12.2299 10.0044
 12.2137 9.96552
 12.1868 9.92457
 12.1599 9.88485
 12.144 9.84837
 12.1469 9.814
 12.171 9.77731
 12.2126 9.73216
 12.262 9.67337
 12.3065 9.59896
 12.3343 9.51097
 12.3382 9.41457
 12.3167 9.31654
 12.2733 9.2241
 12.2148 9.14428
 12.1493 9.08281
 12.0841 9.04237
 12.0232 9.02065
 11.9661 9.01005
80 10 56
 7.44213 12.4401
 7.39276 12.6771
 7.33091 12.8913
 7.24929 13.0697
 7.14962 13.2141
 7.04343 13.3392
 6.94821 13.4639
 6.88009 13.602
 6.84636 13.7564
 6.84193 13.9197
 6.85158 14.0796
 6.85696 14.2254
 6.84501 14.3525
 6.81432 14.4625
 6.77643 14.5617
 6.75095 14.6572
 6.75635 14.7537
 6.80062 14.8526
 6.87699 14.9524
 6.96686 15.0505
 7.04809 15.1449
 7.10393 15.2341
 7.12804 15.3172
 7.12431 15.3947
 7.10261 15.4692
 7.07276 15.5456
 7.03851 15.6292
 6.99371 15.7242
 6.92321 15.833
 6.8094 15.9572
 6.64213 16.0975
 6.42609 16.2538
 6.18095 16.4249
 5.93408 16.6071
 5.71103 16.795
 5.52949 16.9825
 5.39908 17.1667
 5.32482 17.3493
 5.31014 17.5338
 5.35629 17.7193
 5.45826 17.8976
 5.60121 18.056
 5.76219 18.1861
 5.91844 18.2914
 6.05696 18.3857
 6.17805 18.4843
 6.29039 18.5936
 6.40238 18.7061
 6.51669 18.8029
 6.63091 18.8605
 6.74061 18.8595
 6.8408 18.7933
 6.92582 18.6718
 6.99089 18.5169
 7.03582 18.3502
 7.06783 18.1829
81 5 12
 3.83561 7.10938
 4.20588 7.07372
 4.54561 6.99603
 4.83051 6.85005
 5.04494 6.63174
 5.18093 6.35603
 5.23724 6.04925
 5.22048 5.74111
 5.14606 5.45656
 5.03514 5.20901
 4.90747 4.9972
 4.77504 4.80697
81 17 3
 3.83561 7.10938
 3.42279 6.85794
 3.01065 6.60684
82 11 48
 3.36537 19.3113
 3.35997 19.5206
 3.35338 19.7234
 3.34438 19.914
 3.33168 20.0902
 3.31459 20.2529
 3.29522 20.4049
 3.28099 20.5472
 3.28484 20.6754
 3.32125 20.7825
 3.39866 20.8647
 3.51266 20.9278
 3.64449 20.9872
 3.76757 21.0618
 3.85929 21.1658
 3.91111 21.3034
 3.93033 21.4677
 3.93238 21.6469
 3.92906 21.8313
 3.92043 22.0179
 3.89543 22.2082
 3.83986 22.4022
 3.74677 22.5954
 3.62289 22.781
 3.48728 22.955
 3.36286 23.1181
 3.26605 23.2744
 3.2007 23.4272
 3.15939 23.5776
 3.12973 23.7252
 3.101 23.8706
 3.0681 24.018
 3.03227 24.1741
 2.99903 24.3447
 2.97481 24.5308
 2.96407 24.7257
 2.96884 24.9167
 2.99027 25.0892
 3.03027 25.2335
 3.09165 25.3478
 3.17671 25.4388
 3.28525 25.5162
 3.41251 25.5842
 3.54867 25.638
 3.68121 25.6672
 3.79992 25.6644
 3.90176 25.6318
 3.9923 25.5815
82 10 30
 3.36537 19.3113
 3.42463 19.174
 3.51026 19.046
 3.63709 18.9281
 3.80339 18.8105
 3.99461 18.6796
 4.19254 18.5266
 4.38334 18.3542
 4.56007 18.176
 4.72063 18.0117
 4.86562 17.8827
 4.99873 17.8086
 5.1282 17.8012
 5.26524 17.8581
 5.41821 17.9606
 5.58606 18.0804
 5.75739 18.194
 5.91721 18.2934
 6.05672 18.3861
 6.17801 18.4843
 6.29039 18.5936
 6.40238 18.7061
 6.51669 18.8029
 6.63091 18.8605
 6.74061 18.8595
 6.8408 18.7933
 6.92582 18.6718
 6.99089 18.5169
 7.03582 18.3502
 7.06783 18.1829
83 30 7
 0.945352 35.9763
 0.917362 35.5486
 0.892945 35.1708
 0.87659 34.874
 0.872411 34.6627
 0.881169 34.5182
 0.898374 34.4095
83 39 6
 0.945352 35.9763
 0.868837 36.3158
 0.78739 36.6213
 0.698567 36.8725
 0.603117 37.0707
 0.503951 37.2367
84 30 14
 2.24968 31.4893
 1.89271 31.7234
 1.56229 31.9527
 1.28151 32.1776
 1.06788 32.4053
 0.931749 32.6453
 0.87323 32.9042
 0.878816 33.1805
 0.921884 33.4628
 0.970124 33.7318
 0.997013 33.9667
 0.99033 34.1541
 0.953063 34.2958
 0.898374 34.4095
84 44 5
 2.24968 31.4893
 2.34122 31.1945
 2.42391 30.9323
 2.49413 30.716
 2.55553 30.5322
85 23 17
 6.09053 39.6448
 5.9354 39.9187
 5.79306 40.1698
 5.67307 40.3845
 5.58115 40.5616
 5.52094 40.7088
 5.49525 40.8359
 5.50488 40.9506
 5.5463 41.0579
 5.61188 41.1624
 5.69342 41.27
 5.78601 41.386
 5.88812 41.511
 5.9985 41.6386
 6.11371 41.7588
 6.2296 41.8652
 6.34434 41.9609
85 25 11
 6.09053 39.6448
 6.12944 39.2104
 6.17823 38.7992
 6.24103 38.4262
 6.31426 38.0928
 6.38925 37.79
 6.45743 37.5078
 6.51406 37.2454
 6.55898 37.0102
 6.59501 36.8064
 6.62637 36.6246
86 23 18
 8.04501 42.2029
 7.92946 42.4532
 7.82323 42.6717
 7.72951 42.8361
 7.64526 42.9368
 7.56562 42.9739
 7.48724 42.9531
 7.407 42.8842
 7.31921 42.7802
 7.21614 42.6571
 7.09301 42.53
 6.95337 42.4099
 6.80942 42.3027
 6.67622 42.2101
 6.56422 42.1316
 6.4755 42.0659
 6.40508 42.0105
 6.34434 41.9609
86 35 3
 8.04501 42.2029
 8.30047 41.877
 8.5556 41.5514
87 23 27
 3.57871 41.8448
 3.8585 41.8902
 4.10797 41.9008
 4.30566 41.8552
 4.44284 41.7519
 4.52257 41.6063
 4.5578 41.4424
 4.56884 41.2829
 4.57856 41.142
 4.60546 41.0239
 4.65843 40.9268
 4.73625 40.8491
 4.8315 40.7936
 4.93579 40.7673
 5.04343 40.7761
 5.15219 40.8199
 5.26164 40.8908
 5.37106 40.9776
 5.47856 41.0714
 5.58224 41.1689
 5.68248 41.2729
 5.78268 41.3871
 5.88732 41.5114
 5.99835 41.6387
 6.11369 41.7588
 6.22959 41.8652
 6.34434 41.9609
87 16 7
 3.57871 41.8448
 3.23291 41.7557
 2.9238 41.6886
 2.67399 41.6531
 2.48616 41.6448
 2.34666 41.652
 2.23287 41.6649
88 42 33
 8.60391 47.2207
 8.65926 47.1246
 8.71061 47.0272
 8.75872 46.9319
 8.8094 46.8472
 8.86941 46.7828
 8.94234 46.7444
 9.02777 46.7315
 9.12317 46.7369
 9.22571 46.749
 9.33259 46.756
 9.44054 46.7516
 9.54585 46.7386
 9.6451 46.7263
 9.73602 46.724
 9.81819 46.7361
 9.89306 46.7607
 9.963 46.7939
 10.0292 46.8328
 10.0898 46.877
 10.1401 46.9266
 10.1742 46.9807
 10.1885 47.0366
 10.1829 47.0909
 10.161 47.1408
 10.1281 47.1859
 10.0896 47.2275
 10.0494 47.2676
 10.0103 47.3069
 9.97406 47.3444
 9.94196 47.3785
 9.91419 47.4085
 9.88925 47.4356
88 14 66
 8.60391 47.2207
 8.45044 47.2106
 8.3019 47.199
 8.16228 47.1856
 8.03398 47.1716
 7.91752 47.1581
 7.81205 47.1445
 7.71597 47.128
 7.62732 47.1058
 7.54362 47.0758
 7.46169 47.0377
 7.37769 46.9925
 7.28756 46.9411
 7.18769 46.8841
 7.07535 46.822
 6.9489 46.7553
 6.80826 46.6856
 6.65582 46.6162
 6.4973 46.5519
 6.34127 46.4974
 6.19646 46.4545
 6.06804 46.4218
 5.95531 46.3948
 5.85251 46.3696
 5.75254 46.344
 5.65085 46.3175
 5.5469 46.2895
 5.44318 46.2586
 5.34343 46.2221
 5.25114 46.178
 5.16791 46.1252
 5.09111 46.0645
 5.01245 45.9986
 4.91979 45.9325
 4.80272 45.873
 4.65906 45.8275
 4.49771 45.8018
 4.33573 45.7991
 4.19103 45.819
 4.07502 45.8593
 3.98876 45.9163
 3.92347 45.9839
 3.86443 46.0533
 3.79644 46.1132
 3.70891 46.154
 3.59872 46.1717
 3.46988 46.1698
 3.33081 46.1579
 3.19089 46.1462
 3.05801 46.1412
 2.93763 46.1438
 2.83257 46.1514
 2.74282 46.1611
 2.66542 46.1726
 2.59522 46.1883
 2.52697 46.2113
 2.45762 46.2429
 2.38723 46.2812
 2.31785 46.3206
 2.25139 46.3529
 2.18828 46.37
 2.1278 46.3673
 2.06933 46.346
 2.01291 46.3118
 1.95877 46.2716
 1.90625 46.2298
89 42 77
 14.0635 42.079
 13.8914 42.1791
 13.7087 42.2678
 13.5072 42.3388
 13.2838 42.3941
 13.043 42.4411
 12.7974 42.4873
 12.5647 42.534
 12.3622 42.5783
 12.2009 42.6188
 12.0825 42.6613
 12.0009 42.7168
 11.946 42.7937
 11.9073 42.8924
 11.8769 43.0052
 11.85 43.1226
 11.825 43.2396
 11.8039 43.3575
 11.7926 43.4812
 11.8005 43.6146
 11.838 43.7568
 11.9112 43.9018
 12.0166 44.0412
 12.1404 44.1677
 12.265 44.2789
 12.3762 44.3784
 12.4679 44.4754
 12.5401 44.5812
 12.5931 44.7041
 12.6241 44.8449
 12.6283 44.9943
 12.6031 45.1356
 12.5513 45.2518
 12.4809 45.3321
 12.4016 45.3761
 12.3202 45.393
 12.2394 45.3969
 12.1577 45.4026
 12.0721 45.4217
 11.9807 45.4604
 11.8838 45.5187
 11.7838 45.5919
 11.685 45.6733
 11.5916 45.756
 11.5067 45.8344
 11.4306 45.9048
 11.361 45.9664
 11.2943 46.0216
 11.2284 46.0751
 11.1629 46.1328
 11.0983 46.1979
 11.0339 46.2696
 10.9678 46.3424
 10.8976 46.4095
 10.8236 46.4663
 10.7494 46.5129
 10.6805 46.5535
 10.6216 46.5935
 10.5738 46.6373
 10.5342 46.6863
 10.4975 46.7384
 10.4591 46.7906
 10.4177 46.841
 10.3746 46.89
 10.3323 46.9395
 10.2919 46.9908
 10.253 47.0433
 10.2141 47.0947
 10.1741 47.1426
 10.1328 47.1866
 10.091 47.2278
 10.0498 47.2677
 10.0104 47.3069
 9.97406 47.3444
 9.94196 47.3785
 9.91419 47.4085
 9.88925 47.4356
89 43 10
 14.0635 42.079
 14.2105 41.9985
 14.3502 41.9227
 14.4774 41.8558
 14.5895 41.801
 14.6853 41.761
 14.7645 41.7373
 14.8278 41.7294
 14.8782 41.734
 14.9211 41.7455
90 43 112
 26.7427 41.2662
 26.5806 41.2275
 26.4274 41.1878
 26.2856 41.147
 26.15 41.1038
 26.0108 41.0532
 25.8604 40.9876
 25.6978 40.9027
 25.528 40.8012
 25.3584 40.6907
 25.1952 40.5765
 25.0422 40.4575
 24.9028 40.3277
 24.7803 40.1819
 24.6749 40.0212
 24.5805 39.8545
 24.4835 39.6969
 24.3692 39.5653
 24.2289 39.4724
 24.0647 39.4239
 23.8871 39.4179
 23.709 39.4478
 23.5405 39.5053
 23.3885 39.5823
 23.2562 39.6723
 23.1446 39.7701
 23.0522 39.8721
 22.9751 39.9753
 22.9077 40.0775
 22.8426 40.1755
 22.7725 40.2649
 22.6905 40.3398
 22.5899 40.3939
 22.4666 40.4216
 22.3204 40.419
 22.1579 40.3876
 21.9902 40.3369
 21.8279 40.2849
 21.6753 40.2503
 21.5297 40.2412
 21.3855 40.2511
 21.2402 40.2641
 21.0968 40.2674
 20.9616 40.2577
 20.8384 40.2408
 20.7252 40.2256
 20.614 40.2192
 20.4935 40.2241
 20.354 40.2381
 20.1913 40.2558
 20.0093 40.27
 19.82 40.2729
 19.6419 40.2567
 19.4955 40.2139
 19.3947 40.1396
 19.3404 40.0354
 19.3169 39.9123
 19.2975 39.7894
 19.2551 39.6866
 19.1707 39.6175
 19.0373 39.586
 18.859 39.5883
 18.6484 39.6174
 18.4242 39.6651
 18.2077 39.7227
 18.0171 39.7811
 17.8605 39.8327
 17.7326 39.8736
 17.619 39.9042
 17.5044 39.9281
 17.381 39.9507
 17.252 39.9784
 17.1285 40.018
 17.023 40.0741
 16.9428 40.1471
 16.8873 40.2313
 16.85 40.3173
 16.8219 40.3945
 16.794 40.4537
 16.7601 40.4893
 16.7175 40.5015
 16.6664 40.4968
 16.6087 40.486
 16.5466 40.4794
 16.4815 40.4821
 16.4155 40.493
 16.3516 40.5087
 16.2936 40.5281
 16.2446 40.5546
 16.2054 40.5942
 16.1742 40.6514
 16.1467 40.7252
 16.1175 40.8076
 16.0817 40.8857
 16.0357 40.9466
 15.978 40.9834
 15.9075 40.9981
 15.8245 41.0006
 15.7317 41.0045
 15.6349 41.0224
 15.5405 41.0627
 15.4513 41.1273
 15.3652 41.2107
 15.2785 41.3021
 15.1913 41.3894
 15.1088 41.4647
 15.0386 41.5265
 14.9858 41.5783
 14.9511 41.6242
 14.932 41.6668
 14.9237 41.7069
 14.9211 41.7455
90 22 54
 26.7427 41.2662
 27.038 41.3173
 27.3296 41.3493
 27.6077 41.3538
 27.8585 41.3371
 28.0714 41.3141
 28.2469 41.2997
 28.3947 41.3031
 28.5287 41.3266
 28.6607 41.3684
 28.7985 41.4237
 28.9473 41.4862
 29.1099 41.5496
 29.2869 41.6088
 29.4756 41.6605
 29.6699 41.7023
 29.8635 41.7322
 30.0535 41.7491
 30.241 41.7557
 30.4287 41.758
 30.6172 41.7623
 30.8041 41.7706
 30.9856 41.7803
 31.1586 41.7885
 31.3209 41.7975
 31.4699 41.8154
 31.6033 41.8504
 31.7197 41.9027
 31.8205 41.9628
 31.9094 42.0165
 31.9905 42.0538
 32.0668 42.0736
 32.1393 42.0839
 32.206 42.0972
 32.2626 42.1237
 32.3041 42.1672
 32.3259 42.2238
 32.3255 42.2853
 32.3031 42.3438
 32.2628 42.3965
 32.2128 42.446
 32.1635 42.4985
 32.1243 42.5586
 32.0989 42.6273
 32.0833 42.7007
 32.0667 42.7726
 32.0367 42.8368
 31.9846 42.8885
 31.9102 42.9243
 31.8218 42.9431
 31.7324 42.9466
 31.6532 42.9387
 31.5884 42.9241
 31.5336 42.9068
91 32 13
 29.9922 48.6561
 30.2794 48.3881
 30.5455 48.1383
 30.7765 47.9205
 30.9693 47.7422
 31.129 47.605
 31.2633 47.5059
 31.3786 47.4396
 31.4785 47.3996
 31.5647 47.3794
 31.6384 47.3726
 31.7022 47.3737
 31.7605 47.3785
91 46 11
 29.9922 48.6561
 29.7104 48.6075
 29.4433 48.5522
 29.1991 48.4924
 28.9781 48.44
 28.775 48.4104
 28.5857 48.4129
 28.4103 48.4471
 28.252 48.5039
 28.1118 48.5723
 27.9837 48.6445
92 34 36
 26.828 48.4237
 26.5651 48.3801
 26.3281 48.3369
 26.1306 48.2958
 25.9717 48.2605
 25.8426 48.2357
 25.736 48.2265
 25.6508 48.2363
 25.5895 48.2654
 25.5553 48.3101
 25.5483 48.3643
 25.5648 48.423
 25.5967 48.4845
 25.6342 48.5517
 25.668 48.6297
 25.6935 48.7213
 25.7103 48.8244
 25.7204 48.9322
 25.7242 49.0372
 25.7198 49.1355
 25.7034 49.2263
 25.6711 49.3095
 25.6213 49.3823
 25.5552 49.4398
 25.4768 49.478
 25.391 49.4972
 25.3029 49.5014
 25.2163 49.495
 25.1349 49.4794
 25.0621 49.4521
 25.0011 49.41
 24.9543 49.3517
 24.9228 49.2798
 24.9058 49.1989
 24.9001 49.1137
 24.9007 49.0273
92 46 6
 26.828 48.4237
 27.1016 48.4338
 27.3588 48.4585
 27.5897 48.5044
 27.7946 48.5693
 27.9837 48.6445
93 2 18
 47.9345 49.735
 47.7382 49.7496
 47.5508 49.7638
 47.3794 49.7779
 47.2278 49.7922
 47.0962 49.805
 46.9806 49.8135
 46.8738 49.8162
 46.7678 49.8153
 46.6584 49.8149
 46.5475 49.8184
 46.442 49.8248
 46.3488 49.8309
 46.2711 49.8347
 46.2075 49.8372
 46.1543 49.8418
 46.1076 49.8505
 46.064 49.8626
93 3 8
 47.9345 49.735
 48.1957 49.7823
 48.4381 49.8237
 48.6477 49.856
 48.8176 49.8793
 48.9487 49.895
 49.0484 49.9051
 49.1304 49.9121
94 22 84
 32.9062 38.1367
 32.9789 38.2613
 33.0437 38.3779
 33.0919 38.4822
 33.1157 38.575
 33.1123 38.6602
 33.0865 38.7422
 33.0491 38.8229
 33.0124 38.9018
 32.9866 38.9782
 32.9764 39.0529
 32.9797 39.1291
 32.9877 39.2099
 32.9889 39.2961
 32.9743 39.3852
 32.9434 39.4726
 32.9046 39.5547
 32.8709 39.6303
 32.8532 39.7012
 32.8555 39.7698
 32.8728 39.8372
 32.8947 39.9029
 32.9107 39.9651
 32.9144 40.0236
 32.9063 40.0803
 32.8925 40.14
 32.8809 40.2085
 32.8776 40.29
 32.8851 40.3843
 32.9025 40.4871
 32.9275 40.5921
 32.9571 40.6947
 32.9889 40.7932
 33.022 40.8877
 33.0581 40.9776
 33.1006 41.0608
 33.1531 41.136
 33.2172 41.2045
 33.2907 41.271
 33.3666 41.3406
 33.434 41.416
 33.4802 41.4967
 33.4955 41.5811
 33.4775 41.6689
 33.4342 41.7612
 33.3806 41.8592
 33.3324 41.9623
 33.2987 42.0686
 33.2797 42.1753
 33.2679 42.2804
 33.2536 42.3814
 33.2283 42.4738
 33.1881 42.5518
 33.1335 42.6102
 33.0689 42.6479
 33.0005 42.6686
 32.934 42.6784
 32.8737 42.6813
 32.822 42.6771
 32.7792 42.6621
 32.7435 42.6332
 32.7111 42.5918
 32.6774 42.5439
 32.6387 42.4982
 32.5932 42.4615
 32.5413 42.4366
 32.4843 42.423
 32.4229 42.419
 32.3576 42.4238
 32.2902 42.4384
 32.2248 42.465
 32.1681 42.5057
 32.1258 42.5609
 32.0993 42.6279
 32.0833 42.7008
 32.0667 42.7726
 32.0367 42.8368
 31.9846 42.8885
 31.9102 42.9243
 31.8218 42.9431
 31.7324 42.9466
 31.6532 42.9387
 31.5884 42.9241
 31.5336 42.9068
94 15 10
 32.9062 38.1367
 32.9475 37.9765
 33.0073 37.8339
 33.0955 37.7217
 33.2092 37.6439
 33.3343 37.5959
 33.4529 37.567
 33.551 37.5464
 33.6255 37.5274
 33.6844 37.5077
95 8 38
 44.9468 40.73
 44.2691 41.2004
 43.6661 41.6436
 43.1918 42.0439
 42.8665 42.4021
 42.6769 42.73
 42.5885 43.0415
 42.5632 43.3463
 42.5733 43.6517
 42.604 43.9671
 42.6483 44.304
 42.6982 44.6675
 42.7411 45.0456
 42.7624 45.4078
 42.7525 45.7167
 42.7111 45.9464
 42.6457 46.0948
 42.5664 46.1812
 42.4824 46.233
 42.399 46.2738
 42.3181 46.3195
 42.2379 46.3796
 42.1547 46.4572
 42.0634 46.5469
 41.9598 46.6334
 41.8417 46.6965
 41.7116 46.7203
 41.5763 46.7022
 41.4455 46.6528
 41.3264 46.5897
 41.2212 46.5278
 41.1263 46.474
 41.0371 46.428
 40.9517 46.3858
 40.8718 46.3443
 40.8006 46.3025
 40.7388 46.2607
 40.6831 46.2192
95 4 27
 44.9468 40.73
 45.1425 40.2679
 45.3343 39.7776
 45.5205 39.2354
 45.7004 38.6315
 45.8709 37.9812
 46.023 37.3229
 46.1412 36.7049
 46.2059 36.171
 46.1979 35.7517
 46.1044 35.4598
 45.9259 35.2891
 45.6798 35.2172
 45.3978 35.2164
 45.117 35.2648
 44.8674 35.3491
 44.6627 35.4616
 44.4986 35.5953
 44.3603 35.7432
 44.2327 35.8985
 44.1071 36.0546
 43.9833 36.2036
 43.8667 36.3364
 43.764 36.4447
 43.679 36.525
 43.6101 36.5808
 43.5508 36.6223
96 24 37
 47.0003 33.8256
 47.0301 33.4957
 47.0332 33.2048
 46.9924 32.9736
 46.9076 32.797
 46.7981 32.6499
 46.6965 32.5035
 46.6357 32.3397
 46.6341 32.1578
 46.6884 31.9676
 46.779 31.7784
 46.8821 31.5919
 46.9806 31.4047
 47.0677 31.2156
 47.144 31.0308
 47.2122 30.8616
 47.2743 30.7176
 47.3325 30.602
 47.391 30.512
 47.4563 30.4435
 47.5348 30.3948
 47.629 30.3672
 47.7363 30.3632
 47.8498 30.3821
 47.9613 30.4177
 48.0645 30.4584
 48.1559 30.4893
 48.2353 30.4971
 48.3047 30.4727
 48.3674 30.413
 48.4264 30.3195
 48.4829 30.1988
 48.5351 30.062
 48.5801 29.924
 48.6161 29.7981
 48.6437 29.6902
 48.6663 29.5953
96 4 22
 47.0003 33.8256
 46.8759 34.0609
 46.7463 34.2853
 46.6035 34.4912
 46.4359 34.675
 46.2319 34.8339
 45.986 34.9658
 45.7041 35.0721
 45.4061 35.1611
 45.1193 35.2474
 44.8679 35.3447
 44.6628 35.4607
 44.4986 35.5952
 44.3603 35.7432
 44.2327 35.8985
 44.1071 36.0546
 43.9833 36.2036
 43.8667 36.3364
 43.764 36.4447
 43.679 36.525
 43.6101 36.5808
 43.5508 36.6223
97 20 14
 43.3064 28.4911
 43.6763 28.5191
 44.0302 28.5251
 44.3552 28.5088
 44.6414 28.4935
 44.8803 28.5089
 45.0652 28.5704
 45.1965 28.6723
 45.2836 28.7959
 45.3421 28.9224
 45.3878 29.0402
 45.4313 29.1455
 45.4768 29.2402
 45.5244 29.3289
97 33 19
 43.3064 28.4911
 42.9409 28.3758
 42.5858 28.2833
 42.2471 28.2265
 41.9245 28.205
 41.6133 28.2088
 41.3088 28.2266
 41.0093 28.2523
 40.7161 28.288
 40.4304 28.3414
 40.1532 28.4196
 39.8868 28.5219
 39.636 28.6393
 39.4069 28.7586
 39.2029 28.8694
 39.0237 28.9676
 38.8651 29.0543
 38.7209 29.1333
 38.584 29.2085
98 13 75
 48.2096 11.3313
 47.8053 10.9624
 47.4305 10.6143
 47.1055 10.3062
 46.836 10.0515
 46.6148 9.85221
 46.4274 9.6983
 46.2591 9.57159
 46.1005 9.45231
 45.9521 9.32401
 45.8274 9.17657
 45.7499 9.00773
 45.7435 8.82246
 45.8194 8.62943
 45.9671 8.43711
 46.1581 8.25257
 46.3597 8.0832
 46.5489 7.93724
 46.7183 7.81977
 46.8703 7.72593
 47.0064 7.63767
 47.1215 7.52979
 47.205 7.3835
 47.2485 7.19801
 47.2516 6.99135
 47.2235 6.78996
 47.1803 6.61576
 47.1403 6.47921
 47.1201 6.38024
 47.1317 6.31278
 47.1798 6.26845
 47.2613 6.23784
 47.3665 6.21104
 47.4823 6.17903
 47.5953 6.13625
 47.695 6.08303
 47.7766 6.02584
 47.841 5.97444
 47.8935 5.93747
 47.941 5.91898
 47.9892 5.91745
 48.0411 5.92687
 48.0973 5.93865
 48.1558 5.94368
 48.214 5.93434
 48.2701 5.90523
 48.3249 5.85187
 48.3809 5.76848
 48.4397 5.64799
 48.5 5.48649
 48.5547 5.2894
 48.592 5.07388
 48.5988 4.86385
 48.5652 4.68006
 48.49 4.53161
 48.3846 4.41382
 48.2717 4.31277
 48.177 4.2127
 48.1175 4.1017
 48.0928 3.97327
 48.0867 3.82495
 48.0768 3.65759
 48.0476 3.47713
 47.9988 3.2966
 47.9448 3.13419
 47.9079 3.0064
 47.9077 2.92015
 47.9533 2.86948
 48.0403 2.83872
 48.1537 2.81009
 48.2737 2.7712
 48.3829 2.71839
 48.4713 2.65498
 48.5389 2.58652
 48.5937 2.51671
98 27 8
 48.2096 11.3313
 48.382 11.5818
 48.5418 11.8311
 48.6796 12.0745
 48.7906 12.3038
 48.8751 12.5118
 48.938 12.6976
 48.9888 12.8692
99 13 72
 42.9218 10.6846
 43.1514 10.208
 43.3816 9.79729
 43.6138 9.48761
 43.8494 9.27419
 44.0889 9.12712
 44.3341 9.01299
 44.59 8.90771
 44.8639 8.79782
 45.1601 8.67649
 45.4726 8.54058
 45.7847 8.39057
 46.0749 8.23194
 46.3274 8.0756
 46.5385 7.93496
 46.7157 7.81923
 46.8698 7.72583
 47.0064 7.63765
 47.1215 7.52979
 47.205 7.3835
 47.2485 7.19801
 47.2516 6.99135
 47.2235 6.78996
 47.1803 6.61576
 47.1403 6.47921
 47.1201 6.38024
 47.1317 6.31278
 47.1798 6.26845
 47.2613 6.23784
 47.3665 6.21104
 47.4823 6.17903
 47.5953 6.13625
 47.695 6.08303
 47.7766 6.02584
 47.841 5.97444
 47.8935 5.93747
 47.941 5.91898
 47.9892 5.91745
 48.0411 5.92687
 48.0973 5.93865
 48.1558 5.94368
 48.214 5.93434
 48.2701 5.90523
 48.3249 5.85187
 48.3809 5.76848
 48.4397 5.64799
 48.5 5.48649
 48.5547 5.2894
 48.592 5.07388
 48.5988 4.86385
 48.5652 4.68006
 48.49 4.53161
 48.3846 4.41382
 48.2717 4.31277
 48.177 4.2127
 48.1175 4.1017
 48.0928 3.97327
 48.0867 3.82495
 48.0768 3.65759
 48.0476 3.47713
 47.9988 3.2966
 47.9448 3.13419
 47.9079 3.0064
 47.9077 2.92015
 47.9533 2.86948
 48.0403 2.83872
 48.1537 2.81009
 48.2737 2.7712
 48.3829 2.71839
 48.4713 2.65498
 48.5389 2.58652
 48.5937 2.51671
99 47 13
 42.9218 10.6846
 42.674 11.0536
 42.3935 11.3228
 42.0523 11.4331
 41.6341 11.3854
 41.1411 11.2298
 40.5938 11.0397
 40.0263 10.8814
 39.4817 10.795
 39.0041 10.788
 38.6249 10.8426
 38.3451 10.9323
 38.1282 11.0355
100 47 72
 37.8834 23.5729
 38.2559 23.072
 38.5991 22.5981
 38.891 22.1665
 39.1205 21.7797
 39.2867 21.4354
 39.398 21.134
 39.4706 20.8785
 39.5241 20.6688
 39.5749 20.4978
 39.6294 20.3512
 39.6836 20.2118
 39.7281 20.0647
 39.7568 19.9021
 39.7712 19.7246
 39.7785 19.5387
 39.7844 19.3504
 39.789 19.1618
 39.7882 18.9706
 39.7779 18.7741
 39.7575 18.5716
 39.7305 18.3646
 39.7025 18.1548
 39.6777 17.9446
 39.6564 17.7374
 39.6352 17.5379
 39.6103 17.3489
 39.5835 17.1687
 39.5645 16.9915
 39.5668 16.8091
 39.5998 16.6119
 39.6617 16.3906
 39.7382 16.1406
 39.8074 15.8679
 39.8477 15.5909
 39.8462 15.335
 39.8014 15.1212
 39.7224 14.9577
 39.624 14.8387
 39.5204 14.7494
 39.4213 14.6736
 39.3295 14.5988
 39.2419 14.5178
 39.1518 14.4264
 39.0508 14.3221
 38.9281 14.2015
 38.7697 14.0611
 38.5609 13.8991
 38.2944 13.7189
 37.9775 13.5285
 37.6351 13.3383
 37.3021 13.1566
 37.0125 12.9874
 36.7889 12.8308
 36.6395 12.6838
 36.56 12.5426
 36.5405 12.4057
 36.5722 12.2748
 36.6498 12.1554
 36.7696 12.0535
 36.925 11.971
 37.1032 11.902
 37.2875 11.8339
 37.4604 11.7532
 37.6097 11.6537
 37.7305 11.5393
 37.8254 11.421
 37.9015 11.3106
 37.9659 11.2164
 38.0234 11.1415
 38.0768 11.0835
 38.1282 11.0355
100 33 21
 37.8834 23.5729
 37.3954 24.0361
 36.979 24.4671
 36.6985 24.8412
 36.6033 25.1488
 36.7148 25.4008
 37.0105 25.6287
 37.4183 25.8749
 37.839 26.1753
 38.187 26.5422
 38.4239 26.9571
 38.5611 27.3788
 38.6363 27.7638
 38.6842 28.086
 38.7217 28.3438
 38.7497 28.5514
 38.7615 28.7249
 38.7506 28.8735
 38.7142 29.0008
 38.6557 29.11
 38.584 29.2085
101 33 28
 35.7194 34.5414
 35.8872 34.3434
 36.0455 34.1695
 36.189 34.0327
 36.3166 33.9309
 36.43 33.8492
 36.5305 33.7661
 36.6187 33.6589
 36.6959 33.5092
 36.7655 33.3082
 36.8326 33.0596
 36.9026 32.7766
 36.9787 32.4738
 37.0609 32.1616
 37.1458 31.845
 37.2296 31.5276
 37.3104 31.2156
 37.3902 30.9183
 37.4752 30.6452
 37.5727 30.4
 37.6881 30.1787
 37.8218 29.9739
 37.9687 29.7826
 38.1187 29.6102
 38.2603 29.4659
 38.3847 29.3549
 38.4904 29.2733
 38.584 29.2085
101 15 12
 35.7194 34.5414
 35.4935 34.8533
 35.2577 35.1668
 35.0077 35.4828
 34.7494 35.7996
 34.499 36.1118
 34.276 36.4116
 34.0929 36.6905
 33.9511 36.9405
 33.8432 37.1571
 33.7581 37.3421
 33.6844 37.5077
102 26 49
 27.3229 31.1164
 27.3733 31.5104
 27.4076 31.8687
 27.4137 32.1715
 27.3883 32.4229
 27.3386 32.6454
 27.2765 32.8692
 27.2091 33.1193
 27.1346 33.407
 27.0491 33.7263
 26.956 34.0555
 26.8673 34.3668
 26.7966 34.6387
 26.7503 34.8661
 26.7262 35.0608
 26.7165 35.2433
 26.7091 35.4337
 26.6872 35.6442
 26.6307 35.8757
 26.5225 36.1151
 26.357 36.3367
 26.144 36.5121
 25.9051 36.6265
 25.6648 36.6893
 25.442 36.7307
 25.2461 36.7834
 25.0774 36.8635
 24.9293 36.962
 24.7902 37.0506
 24.6474 37.0967
 24.4915 37.0782
 24.3216 36.992
 24.1463 36.8521
 23.9788 36.6814
 23.8282 36.5023
 23.6934 36.3305
 23.5649 36.174
 23.4335 36.0359
 23.2972 35.9176
 23.1624 35.8201
 23.0379 35.7439
 22.9287 35.688
 22.8342 35.65
 22.7502 35.628
 22.6742 35.6205
 22.6063 35.6267
 22.5488 35.6449
 22.502 35.672
 22.4622 35.7039
102 7 10
 27.3229 31.1164
 27.7602 30.9461
 28.1801 30.7912
 28.5613 30.6539
 28.8804 30.5207
 29.1208 30.3744
 29.2832 30.2076
 29.3861 30.0259
 29.4554 29.8403
 29.5119 29.6565
103 41 109
 18.9733 15.6446
 18.5396 15.5423
 18.1443 15.4304
 17.8097 15.3058
 17.5358 15.1728
 17.3036 15.0397
 17.0863 14.9162
 16.8601 14.816
 16.6125 14.7586
 16.3458 14.766
 16.0749 14.8531
 15.8196 15.0186
 15.5939 15.2423
 15.3992 15.4892
 15.2252 15.7193
 15.0576 15.8956
 14.886 15.9895
 14.709 15.9836
 14.534 15.8717
 14.3731 15.6603
 14.2364 15.3674
 14.1255 15.0224
 14.0292 14.6635
 13.9255 14.3332
 13.7894 14.0701
 13.6045 13.8986
 13.372 13.8205
 13.1132 13.8137
 12.8602 13.8399
 12.642 13.8582
 12.4718 13.8405
 12.3457 13.7796
 12.2511 13.6865
 12.1777 13.5792
 12.122 13.4705
 12.0846 13.3644
 12.0633 13.2588
 12.0512 13.1527
 12.0399 13.0486
 12.0255 12.9498
 12.0101 12.8572
 11.9991 12.7677
 11.9956 12.6776
 11.9983 12.585
 12.002 12.4915
 12.0016 12.3997
 11.9954 12.3119
 11.9853 12.2284
 11.9763 12.148
 11.9737 12.0693
 11.9811 11.9914
 11.9988 11.9144
 12.0245 11.8387
 12.0542 11.7653
 12.083 11.6959
 12.1065 11.6325
 12.121 11.5767
 12.1238 11.5295
 12.1132 11.4907
 12.089 11.4583
 12.0539 11.4287
 12.0133 11.3967
 11.9749 11.3572
 11.945 11.3077
 11.9269 11.2493
 11.9203 11.186
 11.9227 11.1224
 11.9304 11.0618
 11.9391 11.0056
 11.9429 10.9538
 11.9363 10.9059
 11.9157 10.8603
 11.8817 10.8149
 11.8386 10.7662
 11.7934 10.7114
 11.7533 10.6489
 11.7244 10.5793
 11.7107 10.5056
 11.7139 10.4328
 11.7328 10.3667
 11.7646 10.3121
 11.8063 10.27
 11.8558 10.2379
 11.9117 10.2105
 11.9731 10.1835
 12.0377 10.1551
 12.1017 10.1261
 12.1591 10.0976
 12.203 10.0692
 12.2273 10.0388
 12.2299 10.0044
 12.2137 9.96552
 12.1868 9.92457
 12.1599 9.88485
 12.144 9.84837
 12.1469 9.814
 12.171 9.77731
 12.2126 9.73216
 12.262 9.67337
 12.3065 9.59896
 12.3343 9.51097
 12.3382 9.41457
 12.3167 9.31654
 12.2733 9.2241
 12.2148 9.14428
 12.1493 9.08281
 12.0841 9.04237
 12.0232 9.02065
 11.9661 9.01005
103 21 34
 18.9733 15.6446
 19.4822 15.7887
 19.9676 15.9031
 20.415 15.9763
 20.8222 16.0237
 21.1954 16.0825
 21.5395 16.1934
 21.8513 16.3787
 22.1225 16.63
 22.3499 16.9119
 22.5443 17.1808
 22.7283 17.4032
 22.9244 17.5629
 23.1461 17.6539
 23.3974 17.6707
 23.678 17.6085
 23.9854 17.4718
 24.3115 17.2839
 24.6384 17.0837
 24.9416 16.9103
 25.1985 16.7836
 25.3963 16.6944
 25.5315 16.6095
 25.6062 16.4883
 25.6258 16.3016
 25.6042 16.0454
 25.5692 15.7441
 25.5594 15.4406
 25.6104 15.1758
 25.7367 14.9691
 25.9261 14.8126
 26.1506 14.6834
 26.3841 14.561
 26.6159 14.437
104 41 81
 19.3453 11.4403
 18.4965 11.6953
 17.6997 11.891
 16.9875 11.9894
 16.369 11.9838
 15.8397 11.8965
 15.392 11.7643
 15.017 11.6237
 14.6999 11.5005
 14.4179 11.4079
 14.146 11.3488
 13.8685 11.3197
 13.5887 11.314
 13.3265 11.323
 13.1058 11.3359
 12.9413 11.3405
 12.8318 11.3265
 12.7643 11.2913
 12.7211 11.2417
 12.686 11.1921
 12.6472 11.1577
 12.598 11.1479
 12.5382 11.1639
 12.4727 11.2
 12.4097 11.2477
 12.3557 11.2981
 12.313 11.3441
 12.2787 11.3805
 12.2471 11.4048
 12.2126 11.4175
 12.1718 11.4212
 12.1245 11.4178
 12.0729 11.407
 12.0222 11.3863
 11.9784 11.3529
 11.9462 11.3062
 11.9272 11.2489
 11.9204 11.1859
 11.9227 11.1224
 11.9304 11.0618
 11.9391 11.0056
 11.9429 10.9538
 11.9363 10.9059
 11.9157 10.8603
 11.8817 10.8149
 11.8386 10.7662
 11.7934 10.7114
 11.7533 10.6489
 11.7244 10.5793
 11.7107 10.5056
 11.7139 10.4328
 11.7328 10.3667
 11.7646 10.3121
 11.8063 10.27
 11.8558 10.2379
 11.9117 10.2105
 11.9731 10.1835
 12.0377 10.1551
 12.1017 10.1261
 12.1591 10.0976
 12.203 10.0692
 12.2273 10.0388
 12.2299 10.0044
 12.2137 9.96552
 12.1868 9.92457
 12.1599 9.88485
 12.144 9.84837
 12.1469 9.814
 12.171 9.77731
 12.2126 9.73216
 12.262 9.67337
 12.3065 9.59896
 12.3343 9.51097
 12.3382 9.41457
 12.3167 9.31654
 12.2733 9.2241
 12.2148 9.14428
 12.1493 9.08281
 12.0841 9.04237
 12.0232 9.02065
 11.9661 9.01005
104 38 138
 19.3453 11.4403
 19.8255 10.8314
 20.2449 10.2123
 20.5602 9.58201
 20.7551 8.95517
 20.839 8.35935
 20.8365 7.82412
 20.7744 7.36557
 20.6717 6.97562
 20.5357 6.6233
 20.3657 6.26834
 20.1631 5.88032
 19.9415 5.45297
 19.7288 5.00476
 19.5565 4.566
 19.4439 4.16209
 19.3887 3.80435
 19.3734 3.49154
 19.3777 3.21681
 19.3881 2.97348
 19.3974 2.75726
 19.4011 2.56591
 19.3955 2.39808
 19.3791 2.25252
 19.3529 2.12812
 19.3196 2.02415
 19.281 1.93979
 19.2386 1.87322
 19.1937 1.82112
 19.1481 1.77929
 19.103 1.74401
 19.0593 1.71301
 19.0172 1.68542
 18.9775 1.66041
 18.9418 1.6357
 18.9117 1.60745
 18.8872 1.5719
 18.8666 1.52763
 18.8466 1.47632
 18.8246 1.42162
 18.8001 1.36705
 18.7753 1.31462
 18.7538 1.26448
 18.7382 1.21571
 18.7274 1.16733
 18.7166 1.11931
 18.6993 1.07307
 18.6705 1.03107
 18.6294 0.995526
 18.5794 0.966688
 18.527 0.941696
 18.4788 0.915214
 18.4405 0.881918
 18.4153 0.839404
 18.4031 0.789622
 18.3999 0.738068
 18.3992 0.691474
 18.3938 0.655335
 18.3782 0.632276
 18.3507 0.621679
 18.3129 0.620537
 18.2681 0.624963
 18.2189 0.631449
 18.1664 0.637174
 18.1098 0.639594
 18.0488 0.636248
 17.9843 0.625419
 17.92 0.60711
 17.8617 0.583154
 17.816 0.55602
 17.7884 0.527164
 17.7811 0.496238
 17.7921 0.461769
 17.8162 0.422785
 17.8475 0.380117
 17.8816 0.336326
 17.9159 0.294249
 17.9495 0.25546
 17.9826 0.220035
 18.0161 0.187787
 18.0508 0.159834
 18.0869 0.139101
 18.123 0.129268
 18.1569 0.132741
 18.1869 0.148812
 18.2142 0.173115
 18.2423 0.198928
 18.2759 0.219886
 18.3177 0.232783
 18.3671 0.238846
 18.4208 0.242552
 18.4752 0.248586
 18.5285 0.258965
 18.5802 0.272387
 18.6308 0.286119
 18.6805 0.29863
 18.729 0.310661
 18.7763 0.323985
 18.8236 0.339248
 18.873 0.354924
 18.9262 0.368306
 18.983 0.377732
 19.0412 0.384331
 19.0964 0.391982
 19.1443 0.405495
 19.1818 0.42828
 19.2077 0.460957
 19.222 0.501562
 19.2251 0.546852
 19.2174 0.593659
 19.2015 0.639333
 19.1826 0.681276
 19.1679 0.716633
 19.1644 0.743239
 19.175 0.761445
 19.1985 0.775028
 19.2304 0.789869
 19.2661 0.811119
 19.3031 0.840899
 19.3421 0.877912
 19.3853 0.918678
 19.435 0.959268
 19.4916 0.99679
 19.5522 1.0304
 19.6107 1.06156
 19.6594 1.09317
 19.6905 1.12779
 19.6985 1.16618
 19.682 1.20732
 19.6432 1.24987
 19.5885 1.29335
 19.5262 1.338
 19.4651 1.38361
 19.4121 1.42892
 19.3707 1.4723
 19.3412 1.51274
 19.3211 1.55044
 19.3061 1.58653
105 47 27
 32.7793 14.4269
 33.3069 14.0545
 33.7707 13.7072
 34.1322 13.3989
 34.3896 13.1299
 34.5722 12.8914
 34.7231 12.6744
 34.8825 12.4753
 35.0756 12.2986
 35.3093 12.1537
 35.5745 12.0491
 35.8533 11.9853
 36.1283 11.9532
 36.3889 11.9379
 36.6328 11.9254
 36.8622 11.9064
 37.0787 11.8746
 37.2795 11.8243
 37.4583 11.7506
 37.6093 11.6531
 37.7304 11.5392
 37.8254 11.421
 37.9015 11.3106
 37.9659 11.2164
 38.0234 11.1415
 38.0768 11.0835
 38.1282 11.0355
105 21 31
 32.7793 14.4269
 32.443 14.4714
 32.1358 14.5122
 31.8736 14.5472
 31.6553 14.5766
 31.4698 14.6022
 31.305 14.6275
 31.1519 14.6576
 31.0051 14.6952
 30.8603 14.7365
 30.7134 14.7697
 30.5582 14.7825
 30.386 14.7727
 30.1862 14.7554
 29.9513 14.7565
 29.6822 14.7958
 29.3897 14.8723
 29.0911 14.963
 28.8046 15.0359
 28.5436 15.0664
 28.314 15.0461
 28.1129 14.981
 27.9291 14.8853
 27.7486 14.7761
 27.5625 14.6706
 27.372 14.5831
 27.1865 14.5213
 27.0166 14.4841
 26.8673 14.4632
 26.7363 14.4494
 26.6159 14.437
117 14 74
 2.21827 49.7194
 2.26627 49.5656
 2.32347 49.4215
 2.39316 49.3001
 2.47179 49.2157
 2.55375 49.1783
 2.63731 49.1893
 2.72749 49.2416
 2.83434 49.323
 2.9683 49.4187
 3.13476 49.5112
 3.33005 49.5804
 3.54106 49.6059
 3.74973 49.5699
 3.93982 49.4632
 4.10186 49.2896
 4.23505 49.0685
 4.34747 48.8303
 4.45519 48.608
 4.57798 48.428
 4.73088 48.302
 4.91626 48.2221
 5.12187 48.1622
 5.3262 48.0848
 5.5071 47.956
 5.64902 47.7613
 5.74647 47.5134
 5.80344 47.245
 5.82913 46.9919
 5.83194 46.7782
 5.81517 46.6115
 5.77746 46.4887
 5.7172 46.4019
 5.63659 46.3417
 5.54212 46.298
 5.4419 46.2609
 5.34317 46.2226
 5.2511 46.1781
 5.1679 46.1252
 5.09111 46.0645
 5.01245 45.9986
 4.91979 45.9325
 4.80272 45.873
 4.65906 45.8275
 4.49771 45.8018
 4.33573 45.7991
 4.19103 45.819
 4.07502 45.8593
 3.98876 45.9163
 3.92347 45.9839
 3.86443 46.0533
 3.79644 46.1132
 3.70891 46.154
 3.59872 46.1717
 3.46988 46.1698
 3.33081 46.1579
 3.19089 46.1462
 3.05801 46.1412
 2.93763 46.1438
 2.83257 46.1514
 2.74282 46.1611
 2.66542 46.1726
 2.59522 46.1883
 2.52697 46.2113
 2.45762 46.2429
 2.38723 46.2812
 2.31785 46.3206
 2.25139 46.3529
 2.18828 46.37
 2.1278 46.3673
 2.06933 46.346
 2.01291 46.3118
 1.95877 46.2716
 1.90625 46.2298
118 3 3
 49.1261 49.9414
 49.1283 49.9268
 49.1304 49.9121
119 13 41
 49.945 5.37061
 49.8658 5.45254
 49.7775 5.52092
 49.674 5.56702
 49.5527 5.59105
 49.4157 5.6031
 49.2684 5.61847
 49.1189 5.64893
 48.9753 5.69581
 48.844 5.74957
 48.7288 5.79503
 48.6331 5.81727
 48.5621 5.80446
 48.5216 5.74774
 48.5141 5.64141
 48.5342 5.48556
 48.5681 5.28985
 48.5964 5.07429
 48.6 4.86402
 48.5654 4.68011
 48.49 4.53161
 48.3846 4.41382
 48.2717 4.31277
 48.177 4.2127
 48.1175 4.1017
 48.0928 3.97327
 48.0867 3.82495
 48.0768 3.65759
 48.0476 3.47713
 47.9988 3.2966
 47.9448 3.13419
 47.9079 3.0064
 47.9077 2.92015
 47.9533 2.86948
 48.0403 2.83872
 48.1537 2.81009
 48.2737 2.7712
 48.3829 2.71839
 48.4713 2.65498
 48.5389 2.58652
 48.5937 2.51671
120 18 6
 13.7458 49.3839
 13.8309 49.3972
 13.9171 49.417
 14.0036 49.4461
 14.0884 49.4833
 14.1714 49.5249
121 13 36
 47.2497 0.0805742
 47.1706 0.124365
 47.09 0.175453
 47.0118 0.241452
 46.9463 0.329148
 46.9059 0.441326
 46.8986 0.573286
 46.9239 0.71289
 46.9737 0.846342
 47.0357 0.966687
 47.0975 1.07825
 47.1514 1.1928
 47.1959 1.3202
 47.2347 1.46103
 47.2733 1.60676
 47.3147 1.74628
 47.3595 1.87285
 47.4074 1.98617
 47.4589 2.08942
 47.5136 2.18535
 47.5691 2.27462
 47.6204 2.35702
 47.662 2.43314
 47.692 2.50467
 47.7139 2.57319
 47.7367 2.63866
 47.7717 2.69888
 47.829 2.74982
 47.9137 2.78647
 48.0232 2.80364
 48.1474 2.79745
 48.2718 2.7674
 48.3824 2.71746
 48.4712 2.65481
 48.5389 2.58649
 48.5937 2.51671
122 13 39
 41.0271 1.25212
 41.4937 1.54812
 42.0308 1.87068
 42.662 2.21958
 43.3468 2.55897
 44.0026 2.83304
 44.551 2.99707
 44.9565 3.04351
 45.2368 3.00707
 45.4434 2.94756
 45.6317 2.92234
 45.8384 2.96337
 46.0731 3.06881
 46.3258 3.21158
 46.5799 3.35922
 46.8241 3.49277
 47.0535 3.61279
 47.2654 3.72969
 47.4551 3.84788
 47.6173 3.95666
 47.7505 4.0345
 47.8582 4.06156
 47.945 4.02983
 48.0118 3.9439
 48.0544 3.81484
 48.0661 3.65472
 48.0448 3.47647
 47.9982 3.29648
 47.9447 3.13418
 47.9079 3.00639
 47.9077 2.92015
 47.9533 2.86948
 48.0403 2.83872
 48.1537 2.81009
 48.2737 2.7712
 48.3829 2.71839
 48.4713 2.65498
 48.5389 2.58652
 48.5937 2.51671
123 11 27
 1.05501 22.3079
 1.13423 22.6613
 1.23711 23.0284
 1.3838 23.3929
 1.5861 23.7086
 1.8416 23.9294
 2.12998 24.0415
 2.41604 24.0716
 2.66092 24.0686
 2.83693 24.0778
 2.93747 24.1263
 2.97649 24.2228
 2.97885 24.3633
 2.96876 24.5367
 2.96261 24.7272
 2.96857 24.917
 2.99023 25.0893
 3.03027 25.2335
 3.09165 25.3478
 3.17671 25.4388
 3.28525 25.5162
 3.41251 25.5842
 3.54867 25.638
 3.68121 25.6672
 3.79992 25.6644
 3.90176 25.6318
 3.9923 25.5815
124 34 15
 25.5151 49.895
 25.4909 49.8021
 25.4593 49.7154
 25.4151 49.6407
 25.3567 49.5819
 25.2866 49.5395
 25.2098 49.5096
 25.1328 49.484
 25.0616 49.4533
 25.001 49.4102
 24.9543 49.3518
 24.9228 49.2798
 24.9058 49.1989
 24.9001 49.1137
 24.9007 49.0273
125 24 34
 49.3465 22.9914
 49.313 22.8464
 49.2435 22.6859
 49.11 22.5081
 48.9034 22.3302
 48.6405 22.1839
 48.3597 22.104
 48.1034 22.1161
 47.8998 22.227
 47.7579 22.4216
 47.6771 22.6694
 47.659 22.9391
 47.7084 23.2155
 47.8236 23.5071
 47.9855 23.8369
 48.1608 24.224
 48.3194 24.6714
 48.4535 25.1683
 48.5797 25.6981
 48.7219 26.242
 48.8889 26.777
 49.0635 27.2764
 49.2109 27.716
 49.2981 28.0836
 49.3102 28.3816
 49.2561 28.6225
 49.1611 28.8215
 49.0539 28.9906
 48.9545 29.1368
 48.8715 29.2626
 48.8047 29.3686
 48.7509 29.4565
 48.7062 29.5299
 48.6663 29.5953
126 24 37
 49.7436 20.5528
 49.6444 20.4511
 49.5244 20.356
 49.3706 20.2877
 49.1821 20.2814
 48.9679 20.3704
 48.7414 20.5654
 48.5162 20.8445
 48.3037 21.1645
 48.1134 21.4853
 47.9517 21.7886
 47.8215 22.0781
 47.7245 22.3646
 47.6655 22.6514
 47.6558 22.9345
 47.7077 23.2146
 47.8235 23.507
 47.9855 23.8369
 48.1608 24.224
 48.3194 24.6714
 48.4535 25.1683
 48.5797 25.6981
 48.7219 26.242
 48.8889 26.777
 49.0635 27.2764
 49.2109 27.716
 49.2981 28.0836
 49.3102 28.3816
 49.2561 28.6225
 49.1611 28.8215
 49.0539 28.9906
 48.9545 29.1368
 48.8715 29.2626
 48.8047 29.3686
 48.7509 29.4565
 48.7062 29.5299
 48.6663 29.5953
127 34 42
 26.6724 49.4181
 26.5306 49.2884
 26.4018 49.1566
 26.2964 49.0233
 26.2196 48.8918
 26.1687 48.7647
 26.1336 48.6434
 26.1002 48.53
 26.0557 48.4289
 25.9932 48.3453
 25.9129 48.2832
 25.8216 48.2444
 25.73 48.2292
 25.6494 48.237
 25.5893 48.2655
 25.5553 48.3101
 25.5483 48.3643
 25.5648 48.423
 25.5967 48.4845
 25.6342 48.5517
 25.668 48.6297
 25.6935 48.7213
 25.7103 48.8244
 25.7204 48.9322
 25.7242 49.0372
 25.7198 49.1355
 25.7034 49.2263
 25.6711 49.3095
 25.6213 49.3823
 25.5552 49.4398
 25.4768 49.478
 25.391 49.4972
 25.3029 49.5014
 25.2163 49.495
 25.1349 49.4794
 25.0621 49.4521
 25.0011 49.41
 24.9543 49.3517
 24.9228 49.2798
 24.9058 49.1989
 24.9001 49.1137
 24.9007 49.0273
128 34 52
 21.3676 49.8701
 21.4504 49.857
 21.5343 49.847
 21.6193 49.8411
 21.7034 49.8365
 21.781 49.8268
 21.8438 49.8042
 21.8837 49.7629
 21.8965 49.702
 21.8841 49.6263
 21.8541 49.5441
 21.8181 49.4638
 21.7887 49.3901
 21.7759 49.3232
 21.7847 49.2602
 21.8146 49.1981
 21.8613 49.1343
 21.9198 49.0668
 21.9873 48.994
 22.0644 48.9163
 22.1557 48.8381
 22.2673 48.7677
 22.4025 48.7151
 22.5578 48.6876
 22.7231 48.687
 22.8865 48.7099
 23.0383 48.7502
 23.1729 48.8026
 23.2879 48.8639
 23.3832 48.9322
 23.463 49.0046
 23.5354 49.0764
 23.6108 49.1421
 23.6966 49.1958
 23.7946 49.2331
 23.9009 49.2526
 24.0082 49.2578
 24.1099 49.2562
 24.2027 49.2566
 24.2869 49.2648
 24.3655 49.2816
 24.4424 49.3042
 24.5199 49.3287
 24.5974 49.3511
 24.6718 49.3668
 24.7381 49.3701
 24.7921 49.3552
 24.832 49.319
 24.859 49.2627
 24.8769 49.1913
 24.8898 49.111
 24.9007 49.0273
129 1 27
 2.09089 1.26184
 2.06019 1.30936
 2.02023 1.34851
 1.96591 1.37097
 1.89782 1.37089
 1.82037 1.34804
 1.73861 1.30794
 1.65643 1.25808
 1.57679 1.20366
 1.50265 1.14642
 1.43662 1.08655
 1.37928 1.02501
 1.32789 0.964407
 1.27709 0.908478
 1.22121 0.860869
 1.15686 0.823443
 1.08434 0.794828
 1.0075 0.770475
 0.932025 0.744888
 0.862917 0.714706
 0.802737 0.680218
 0.751642 0.644159
 0.70897 0.609113
 0.674591 0.575872
 0.64869 0.54374
 0.630373 0.511784
 0.616667 0.47965
130 38 33
 21.4142 0.125106
 21.3152 0.156682
 21.2042 0.190201
 21.0762 0.226156
 20.9354 0.262878
 20.7907 0.297335
 20.6514 0.327408
 20.524 0.354267
 20.4131 0.382939
 20.3218 0.420276
 20.2509 0.471336
 20.1978 0.53628
 20.1563 0.609643
 20.1182 0.68263
 20.0775 0.747339
 20.0324 0.800539
 19.9853 0.844715
 19.9397 0.885873
 19.8982 0.929805
 19.8611 0.979343
 19.8266 1.03385
 19.7917 1.09048
 19.7531 1.14593
 19.7077 1.19794
 19.6536 1.24621
 19.592 1.29217
 19.5271 1.33769
 19.4653 1.38354
 19.4121 1.42891
 19.3708 1.4723
 19.3412 1.51274
 19.3211 1.55044
 19.3061 1.58653
131 13 38
 48.4936 0.0976305
 48.4602 0.250439
 48.4234 0.404294
 48.3787 0.554319
 48.3185 0.689986
 48.2346 0.801407
 48.1216 0.885446
 47.9817 0.946198
 47.8259 0.990648
 47.6703 1.02498
 47.5302 1.05521
 47.4159 1.09008
 47.3325 1.14154
 47.2805 1.22042
 47.2576 1.33019
 47.2599 1.46392
 47.2818 1.60738
 47.317 1.74637
 47.36 1.87286
 47.4075 1.98616
 47.4589 2.08942
 47.5136 2.18535
 47.5691 2.27462
 47.6204 2.35702
 47.662 2.43314
 47.692 2.50467
 47.7139 2.57319
 47.7367 2.63866
 47.7717 2.69888
 47.829 2.74982
 47.9137 2.78647
 48.0232 2.80364
 48.1474 2.79745
 48.2718 2.7674
 48.3824 2.71746
 48.4712 2.65481
 48.5389 2.58649
 48.5937 2.51671
132 4 33
 49.7326 38.1137
 49.5314 38.179
 49.3141 38.2369
 49.0708 38.2791
 48.8007 38.2998
 48.5094 38.3006
 48.2044 38.2883
 47.8905 38.2639
 47.5704 38.2077
 47.2518 38.0808
 46.9531 37.8456
 46.7011 37.4919
 46.5169 37.0476
 46.4 36.5668
 46.3232 36.1102
 46.2429 35.7287
 46.1186 35.4525
 45.9295 35.2872
 45.6805 35.2168
 45.3979 35.2164
 45.117 35.2648
 44.8674 35.3491
 44.6627 35.4616
 44.4986 35.5953
 44.3603 35.7432
 44.2327 35.8985
 44.1071 36.0546
 43.9833 36.2036
 43.8667 36.3364
 43.764 36.4447
 43.679 36.525
 43.6101 36.5808
 43.5508 36.6223
133 27 12
 49.9745 15.2505
 49.8658 15.0045
 49.7529 14.7423
 49.6334 14.4641
 49.5085 14.1887
 49.3844 13.9402
 49.2712 13.7303
 49.1781 13.5519
 49.1088 13.3872
 49.0593 13.2209
 49.0217 13.0476
 48.9888 12.8692
134 40 3
 29.6695 0.925629
 29.5191 0.841925
 29.3687 0.758222
135 14 43
 0.248799 45.8714
 0.280487 45.9994
 0.322747 46.1181
 0.382314 46.2153
 0.459705 46.279
 0.549241 46.3037
 0.641411 46.2945
 0.726355 46.2628
 0.796727 46.219
 0.849046 46.1678
 0.884089 46.1093
 0.90701 46.0441
 0.926565 45.9758
 0.952291 45.9097
 0.990219 45.8491
 1.03992 45.7936
 1.09538 45.7399
 1.14928 45.6854
 1.1976 45.6312
 1.24155 45.5835
 1.28607 45.5507
 1.3361 45.5387
 1.39317 45.5466
 1.45412 45.5668
 1.51248 45.5911
 1.56133 45.616
 1.59602 45.6439
 1.61552 45.6802
 1.6227 45.7282
 1.62319 45.7871
 1.62287 45.8536
 1.62486 45.9239
 1.62842 45.9957
 1.63106 46.0668
 1.63229 46.1341
 1.63565 46.1934
 1.64716 46.2398
 1.67157 46.27
 1.70936 46.2833
 1.7566 46.2817
 1.80748 46.2693
 1.85769 46.2508
 1.90625 46.2298
136 14 65
 3.07737 49.7746
 3.2268 49.749
 3.39132 49.7198
 3.57402 49.676
 3.76409 49.5995
 3.94483 49.4734
 4.10324 49.2925
 4.23534 49.0691
 4.34751 48.8304
 4.4552 48.608
 4.57798 48.428
 4.73088 48.302
 4.91626 48.2221
 5.12187 48.1622
 5.3262 48.0848
 5.5071 47.956
 5.64902 47.7613
 5.74647 47.5134
 5.80344 47.245
 5.82913 46.9919
 5.83194 46.7782
 5.81517 46.6115
 5.77746 46.4887
 5.7172 46.4019
 5.63659 46.3417
 5.54212 46.298
 5.4419 46.2609
 5.34317 46.2226
 5.2511 46.1781
 5.1679 46.1252
 5.09111 46.0645
 5.01245 45.9986
 4.91979 45.9325
 4.80272 45.873
 4.65906 45.8275
 4.49771 45.8018
 4.33573 45.7991
 4.19103 45.819
 4.07502 45.8593
 3.98876 45.9163
 3.92347 45.9839
 3.86443 46.0533
 3.79644 46.1132
 3.70891 46.154
 3.59872 46.1717
 3.46988 46.1698
 3.33081 46.1579
 3.19089 46.1462
 3.05801 46.1412
 2.93763 46.1438
 2.83257 46.1514
 2.74282 46.1611
 2.66542 46.1726
 2.59522 46.1883
 2.52697 46.2113
 2.45762 46.2429
 2.38723 46.2812
 2.31785 46.3206
 2.25139 46.3529
 2.18828 46.37
 2.1278 46.3673
 2.06933 46.346
 2.01291 46.3118
 1.95877 46.2716
 1.90625 46.2298
137 6 3
 14.4335 0.154543
 14.4197 0.177852
 14.406 0.201161
138 2 12
 46.879 49.8776
 46.8132 49.8519
 46.7364 49.8319
 46.6445 49.8213
 46.5423 49.8203
 46.4404 49.8252
 46.3484 49.831
 46.271 49.8347
 46.2074 49.8372
 46.1543 49.8418
 46.1076 49.8505
 46.064 49.8626
139 38 59
 23.6283 0.00321268
 23.6055 0.116677
 23.5768 0.231433
 23.5357 0.347207
 23.4755 0.461478
 23.3904 0.569422
 23.2774 0.66411
 23.1391 0.737931
 22.9852 0.786496
 22.8305 0.813552
 22.6896 0.832304
 22.5711 0.859823
 22.4749 0.907236
 22.3935 0.973117
 22.3168 1.04528
 22.236 1.10912
 22.1461 1.15577
 22.0456 1.18456
 21.9363 1.19977
 21.8221 1.20547
 21.7078 1.2031
 21.5973 1.19341
 21.4918 1.18006
 21.3903 1.17119
 21.2912 1.17661
 21.1935 1.203
 21.0977 1.25028
 21.005 1.31159
 20.916 1.37612
 20.8292 1.43309
 20.7418 1.47496
 20.6517 1.49873
 20.5602 1.50485
 20.473 1.49478
 20.3983 1.46909
 20.3423 1.4281
 20.3062 1.37427
 20.2849 1.31379
 20.2693 1.25502
 20.2503 1.20479
 20.2215 1.16576
 20.1806 1.13683
 20.1286 1.11572
 20.0683 1.10121
 20.0032 1.0939
 19.9377 1.09572
 19.8757 1.10856
 19.819 1.13285
 19.766 1.16668
 19.7127 1.20653
 19.6552 1.24914
 19.5924 1.29297
 19.5272 1.33786
 19.4653 1.38357
 19.4121 1.42892
 19.3708 1.4723
 19.3412 1.51274
 19.3211 1.55044
 19.3061 1.58653
140 11 26
 0.0396125 28.6101
 0.131602 28.4438
 0.232442 28.2566
 0.348447 28.0402
 0.482976 27.803
 0.638373 27.5632
 0.818121 27.3373
 1.02633 27.133
 1.26387 26.9496
 1.52386 26.7829
 1.79067 26.6292
 2.0444 26.4856
 2.26849 26.3487
 2.45608 26.2146
 2.6112 26.081
 2.74472 25.9494
 2.8686 25.8271
 2.99199 25.7257
 3.12059 25.6576
 3.25698 25.6294
 3.40002 25.6356
 3.54392 25.658
 3.67969 25.6737
 3.79953 25.6661
 3.90168 25.6321
 3.9923 25.5815
141 1 42
 3.57193 0.11991
 3.62075 0.274356
 3.6657 0.438462
 3.69955 0.614527
 3.71166 0.796461
 3.69169 0.974748
 3.63385 1.14153
 3.53887 1.29143
 3.413 1.41949
 3.26554 1.52068
 3.1067 1.59247
 2.94578 1.63757
 2.78971 1.66322
 2.64203 1.67671
 2.50303 1.6808
 2.37146 1.67281
 2.24658 1.64796
 2.12905 1.60392
 2.02004 1.54325
 1.9198 1.47249
 1.82713 1.39934
 1.73989 1.32967
 1.6564 1.26563
 1.57666 1.20575
 1.5026 1.14686
 1.43661 1.08662
 1.37928 1.02502
 1.32789 0.964408
 1.27709 0.908478
 1.22121 0.860869
 1.15686 0.823443
 1.08434 0.794828
 1.0075 0.770475
 0.932025 0.744888
 0.862917 0.714706
 0.802737 0.680218
 0.751642 0.644159
 0.70897 0.609113
 0.674591 0.575872
 0.64869 0.54374
 0.630373 0.511784
 0.616667 0.47965
142 42 33
 9.10357 49.9663
 9.20103 49.7918
 9.29616 49.6222
 9.38512 49.4609
 9.46324 49.3092
 9.52704 49.1662
 9.57513 49.0304
 9.60753 48.9017
 9.62538 48.7811
 9.63214 48.6683
 9.6347 48.5595
 9.64221 48.4485
 9.66205 48.3306
 9.69552 48.2067
 9.73586 48.0832
 9.77077 47.968
 9.78864 47.8654
 9.78497 47.7739
 9.7647 47.6879
 9.73909 47.6023
 9.71952 47.5148
 9.71293 47.427
 9.72093 47.3444
 9.74173 47.275
 9.77225 47.2272
 9.80878 47.2064
 9.84654 47.2128
 9.8797 47.2409
 9.90285 47.2821
 9.91329 47.3269
 9.912 47.3685
 9.90257 47.4042
 9.88925 47.4356
143 1 7
 0.398264 0.372086
 0.413867 0.403803
 0.436064 0.433254
 0.468676 0.45734
 0.511695 0.47298
 0.562298 0.479383
 0.616667 0.47965
144 45 10
 39.2639 49.0165
 39.1847 48.293
 39.0913 47.6269
 38.9779 47.0596
 38.8504 46.6072
 38.7221 46.2626
 38.607 46.0055
 38.5139 45.8123
 38.4431 45.6615
 38.3862 45.5321
145 5 17
 0.0272361 7.93457
 0.973384 7.87023
 1.89016 7.80443
 2.73015 7.73296
 3.43935 7.64697
 3.98874 7.53399
 4.39109 7.38281
 4.68614 7.18805
 4.91081 6.95057
 5.08099 6.67539
 5.19371 6.37143
 5.24077 6.05355
 5.22122 5.74202
 5.14617 5.4567
 5.03516 5.20902
 4.90747 4.9972
 4.77504 4.80697
146 30 11
 0.120718 32.3029
 0.309162 32.4894
 0.484597 32.6944
 0.639921 32.9287
 0.773067 33.1907
 0.881095 33.4663
 0.957054 33.7327
 0.993638 33.9669
 0.989657 34.1542
 0.952966 34.2958
 0.898374 34.4095
147 34 26
 23.3481 49.8487
 23.3596 49.7253
 23.3749 49.6048
 23.3992 49.4925
 23.438 49.397
 23.4961 49.3266
 23.5749 49.2848
 23.6718 49.2674
 23.7809 49.2642
 23.8947 49.2641
 24.006 49.2613
 24.1093 49.257
 24.2025 49.2568
 24.2868 49.2649
 24.3655 49.2816
 24.4424 49.3042
 24.5199 49.3287
 24.5974 49.3511
 24.6718 49.3668
 24.7381 49.3701
 24.7921 49.3552
 24.832 49.319
 24.859 49.2627
 24.8769 49.1913
 24.8898 49.111
 24.9007 49.0273
148 18 4
 14.0307 49.6883
 14.0781 49.6295
 14.125 49.5751
 14.1714 49.5249
149 38 46
 18.7312 0.0129595
 18.7494 0.0553621
 18.7671 0.102121
 18.7843 0.154386
 18.802 0.209232
 18.8228 0.261405
 18.8498 0.305943
 18.8857 0.339871
 18.9314 0.362625
 18.9848 0.375978
 19.0417 0.383901
 19.0965 0.391901
 19.1443 0.405484
 19.1818 0.428279
 19.2077 0.460957
 19.222 0.501562
 19.2251 0.546852
 19.2174 0.593659
 19.2015 0.639333
 19.1826 0.681276
 19.1679 0.716633
 19.1644 0.743239
 19.175 0.761445
 19.1985 0.775028
 19.2304 0.789869
 19.2661 0.811119
 19.3031 0.840899
 19.3421 0.877912
 19.3853 0.918678
 19.435 0.959268
 19.4916 0.99679
 19.5522 1.0304
 19.6107 1.06156
 19.6594 1.09317
 19.6905 1.12779
 19.6985 1.16618
 19.682 1.20732
 19.6432 1.24987
 19.5885 1.29335
 19.5262 1.338
 19.4651 1.38361
 19.4121 1.42892
 19.3707 1.4723
 19.3412 1.51274
 19.3211 1.55044
 19.3061 1.58653
150 1 49
 0.203229 5.44996
 0.516066 5.06281
 0.824982 4.67526
 1.12639 4.30392
 1.4181 3.98141
 1.6984 3.73784
 1.96218 3.58205
 2.19938 3.49754
 2.40001 3.45303
 2.56185 3.41644
 2.69257 3.36248
 2.80395 3.27248
 2.90345 3.13253
 2.98929 2.93624
 3.05135 2.69151
 3.07663 2.42409
 3.05628 2.17092
 2.99054 1.96527
 2.88887 1.82366
 2.76542 1.74272
 2.63313 1.70524
 2.50029 1.68921
 2.37077 1.67479
 2.24645 1.64831
 2.12903 1.60397
 2.02003 1.54325
 1.9198 1.47249
 1.82713 1.39934
 1.73989 1.32967
 1.6564 1.26563
 1.57666 1.20575
 1.5026 1.14686
 1.43661 1.08662
 1.37928 1.02502
 1.32789 0.964408
 1.27709 0.908478
 1.22121 0.860869
 1.15686 0.823443
 1.08434 0.794828
 1.0075 0.770475
 0.932025 0.744888
 0.862917 0.714706
 0.802737 0.680218
 0.751642 0.644159
 0.70897 0.609113
 0.674591 0.575872
 0.64869 0.54374
 0.630373 0.511784
 0.616667 0.47965
151 34 74
 18.6422 49.941
 18.6831 49.9166
 18.7327 49.8911
 18.7976 49.8631
 18.8803 49.8303
 18.9803 49.7908
 19.0955 49.7442
 19.2226 49.6948
 19.3582 49.6525
 19.4992 49.6286
 19.6447 49.6292
 19.7969 49.6509
 19.9589 49.6822
 20.1306 49.7102
 20.3067 49.7257
 20.4796 49.7246
 20.6429 49.7055
 20.7938 49.6694
 20.9316 49.6215
 21.0559 49.5732
 21.1665 49.5398
 21.2652 49.5345
 21.3555 49.5613
 21.4418 49.6136
 21.5277 49.6776
 21.6146 49.7378
 21.7005 49.7819
 21.7795 49.8021
 21.8432 49.7948
 21.8835 49.76
 21.8964 49.7013
 21.884 49.6261
 21.8541 49.5441
 21.8181 49.4638
 21.7887 49.3901
 21.7759 49.3232
 21.7847 49.2602
 21.8146 49.1981
 21.8613 49.1343
 21.9198 49.0668
 21.9873 48.994
 22.0644 48.9163
 22.1557 48.8381
 22.2673 48.7677
 22.4025 48.7151
 22.5578 48.6876
 22.7231 48.687
 22.8865 48.7099
 23.0383 48.7502
 23.1729 48.8026
 23.2879 48.8639
 23.3832 48.9322
 23.463 49.0046
 23.5354 49.0764
 23.6108 49.1421
 23.6966 49.1958
 23.7946 49.2331
 23.9009 49.2526
 24.0082 49.2578
 24.1099 49.2562
 24.2027 49.2566
 24.2869 49.2648
 24.3655 49.2816
 24.4424 49.3042
 24.5199 49.3287
 24.5974 49.3511
 24.6718 49.3668
 24.7381 49.3701
 24.7921 49.3552
 24.832 49.319
 24.859 49.2627
 24.8769 49.1913
 24.8898 49.111
 24.9007 49.0273
152 8 88
 49.9524 46.228
 49.8301 46.2505
 49.7128 46.2716
 49.6061 46.2861
 49.5147 46.2854
 49.4405 46.2632
 49.3808 46.2203
 49.3298 46.1651
 49.2805 46.1108
 49.2269 46.0708
 49.1659 46.0556
 49.0975 46.0697
 49.0252 46.1105
 48.9533 46.1684
 48.8849 46.2287
 48.8194 46.2765
 48.753 46.3021
 48.6805 46.3045
 48.5977 46.2919
 48.5033 46.2764
 48.3984 46.2689
 48.285 46.2745
 48.1654 46.2935
 48.0411 46.3244
 47.914 46.3675
 47.7868 46.4253
 47.6618 46.5008
 47.54 46.5932
 47.4219 46.6963
 47.3076 46.7992
 47.1964 46.8903
 47.0858 46.9624
 46.9703 47.0164
 46.8445 47.0607
 46.7059 47.1062
 46.557 47.1585
 46.4031 47.2145
 46.2483 47.2633
 46.0938 47.2938
 45.9387 47.3015
 45.7832 47.2911
 45.6306 47.2722
 45.4876 47.2536
 45.3607 47.2384
 45.2535 47.2244
 45.1645 47.2074
 45.0883 47.1848
 45.0178 47.1565
 44.9463 47.1253
 44.8675 47.0962
 44.7769 47.0738
 44.6715 47.0599
 44.5501 47.0503
 44.4109 47.035
 44.2518 47.0016
 44.0726 46.9402
 43.8792 46.8481
 43.6852 46.7324
 43.5069 46.6082
 43.3551 46.493
 43.2298 46.3997
 43.1227 46.3324
 43.024 46.2882
 42.9286 46.2605
 42.8354 46.2433
 42.7445 46.2334
 42.6557 46.2303
 42.5682 46.2357
 42.4822 46.2512
 42.3988 46.2788
 42.318 46.3206
 42.2379 46.3798
 42.1547 46.4572
 42.0634 46.5469
 41.9598 46.6334
 41.8417 46.6965
 41.7116 46.7203
 41.5763 46.7022
 41.4455 46.6528
 41.3264 46.5897
 41.2212 46.5278
 41.1263 46.474
 41.0371 46.428
 40.9517 46.3858
 40.8718 46.3443
 40.8006 46.3025
 40.7388 46.2607
 40.6831 46.2192
153 36 50
 9.08714 0.0858301
 9.08747 0.227563
 9.06247 0.395538
 8.99795 0.607044
 8.8976 0.867595
 8.78204 1.17396
 8.68019 1.51795
 8.61698 1.88772
 8.60328 2.26806
 8.6326 2.64218
 8.68655 2.99415
 8.74642 3.31031
 8.80432 3.58002
 8.86585 3.7975
 8.94274 3.96462
 9.04167 4.09223
 9.15882 4.19792
 9.28333 4.30079
 9.40515 4.41511
 9.52053 4.54554
 9.632 4.68606
 9.74484 4.82321
 9.86349 4.94229
 9.98999 5.03382
 10.1239 5.09705
 10.2628 5.13904
 10.4015 5.17009
 10.5333 5.19848
 10.6514 5.22717
 10.7524 5.25372
 10.8384 5.27296
 10.9158 5.28088
 10.9928 5.27708
 11.0756 5.2638
 11.1672 5.24273
 11.2671 5.21304
 11.3727 5.17325
 11.4814 5.1255
 11.5919 5.0781
 11.705 5.04328
 11.8225 5.03146
 11.946 5.0462
 12.0737 5.08348
 12.1979 5.13514
 12.3058 5.19332
 12.3842 5.25265
 12.4259 5.31011
 12.4327 5.36415
 12.4139 5.41455
 12.3822 5.46256
154 39 5
 0.183807 37.1826
 0.270575 37.2164
 0.353442 37.2383
 0.430708 37.2434
 0.503951 37.2367
155 8 76
 49.9576 47.6412
 49.7642 47.655
 49.5603 47.667
 49.3424 47.6735
 49.1168 47.6682
 48.8968 47.645
 48.6956 47.6021
 48.5204 47.5441
 48.3698 47.4813
 48.2364 47.4236
 48.1114 47.3765
 47.9888 47.3382
 47.8655 47.3031
 47.7415 47.2664
 47.6181 47.227
 47.4975 47.1877
 47.3826 47.1524
 47.2747 47.1234
 47.1726 47.1011
 47.0712 47.0859
 46.9629 47.0805
 46.8414 47.0896
 46.7049 47.1172
 46.5568 47.162
 46.403 47.2154
 46.2483 47.2634
 46.0938 47.2938
 45.9387 47.3015
 45.7832 47.2911
 45.6306 47.2722
 45.4876 47.2536
 45.3607 47.2384
 45.2535 47.2244
 45.1645 47.2074
 45.0883 47.1848
 45.0178 47.1565
 44.9463 47.1253
 44.8675 47.0962
 44.7769 47.0738
 44.6715 47.0599
 44.5501 47.0503
 44.4109 47.035
 44.2518 47.0016
 44.0726 46.9402
 43.8792 46.8481
 43.6852 46.7324
 43.5069 46.6082
 43.3551 46.493
 43.2298 46.3997
 43.1227 46.3324
 43.024 46.2882
 42.9286 46.2605
 42.8354 46.2433
 42.7445 46.2334
 42.6557 46.2303
 42.5682 46.2357
 42.4822 46.2512
 42.3988 46.2788
 42.318 46.3206
 42.2379 46.3798
 42.1547 46.4572
 42.0634 46.5469
 41.9598 46.6334
 41.8417 46.6965
 41.7116 46.7203
 41.5763 46.7022
 41.4455 46.6528
 41.3264 46.5897
 41.2212 46.5278
 41.1263 46.474
 41.0371 46.428
 40.9517 46.3858
 40.8718 46.3443
 40.8006 46.3025
 40.7388 46.2607
 40.6831 46.2192
