152
56 24 86
 16.3453 43.6834
 16.2435 44.0005
 16.1531 44.2889
 16.0838 44.5321
 16.0407 44.7295
 16.0237 44.8912
 16.0278 45.0311
 16.0451 45.1609
 16.066 45.2876
 16.0813 45.4122
 16.0837 45.5296
 16.0699 45.6322
 16.0401 45.7134
 15.9969 45.7712
 15.9433 45.8067
 15.8827 45.8226
 15.8174 45.8206
 15.7491 45.8023
 15.6788 45.7705
 15.6068 45.7294
 15.534 45.6848
 15.4616 45.642
 15.3908 45.6047
 15.3231 45.5742
 15.2588 45.5496
 15.1984 45.5276
 15.1424 45.5029
 15.0921 45.4704
 15.0489 45.4279
 15.0124 45.3777
 14.9801 45.3263
 14.9485 45.2815
 14.9148 45.2493
 14.878 45.2311
 14.8384 45.2239
 14.7969 45.2227
 14.7541 45.2228
 14.7098 45.2224
 14.6629 45.2223
 14.6126 45.2243
 14.5588 45.2297
 14.503 45.2387
 14.4473 45.2501
 14.3936 45.2624
 14.3426 45.274
 14.2947 45.2845
 14.2501 45.2952
 14.2093 45.3089
 14.1729 45.3293
 14.1398 45.3592
 14.1073 45.3999
 14.0725 45.4516
 14.0347 45.5131
 13.9978 45.5824
 13.969 45.6552
 13.9551 45.7266
 13.9588 45.7919
 13.978 45.8492
 14.0073 45.8989
 14.041 45.9431
 14.0748 45.9843
 14.106 46.0247
 14.1323 46.0661
 14.1516 46.1095
 14.1612 46.1549
 14.1592 46.2009
 14.1441 46.2455
 14.1154 46.2861
 14.0735 46.3207
 14.0199 46.3484
 13.9576 46.3703
 13.8911 46.3893
 13.8259 46.4088
 13.7675 46.4322
 13.7205 46.461
 13.6873 46.4956
 13.667 46.5343
 13.655 46.574
 13.6444 46.6114
 13.6291 46.6442
 13.6075 46.6723
 13.5834 46.6979
 13.5636 46.7248
 13.5541 46.7559
 13.556 46.7921
 13.5654 46.8317
56 13 41
 16.3453 43.6834
 16.6071 43.4099
 16.8127 43.1486
 16.9275 42.9062
 16.9472 42.6848
 16.8916 42.4855
 16.7876 42.311
 16.6559 42.1613
 16.5054 42.0292
 16.3361 41.8983
 16.1474 41.7479
 15.9453 41.561
 15.7459 41.3316
 15.5721 41.0679
 15.4446 40.7876
 15.3716 40.511
 15.3446 40.2535
 15.3436 40.0229
 15.3495 39.8198
 15.3534 39.6406
 15.357 39.4813
 15.3675 39.341
 15.3912 39.2227
 15.4312 39.132
 15.4881 39.0737
 15.5612 39.0479
 15.6503 39.0458
 15.7555 39.0505
 15.8778 39.0434
 16.0195 39.012
 16.1824 38.9547
 16.3656 38.8789
 16.5633 38.7945
 16.7663 38.7085
 16.9671 38.623
 17.1633 38.5373
 17.3559 38.4507
 17.5441 38.3646
 17.7232 38.282
 17.8893 38.2052
 18.0455 38.133
57 15 23
 41.0094 32.0497
 41.5911 32.2617
 42.1196 32.4108
 42.5655 32.4496
 42.9287 32.3562
 43.2265 32.1358
 43.4772 31.818
 43.6931 31.4462
 43.8815 31.0645
 44.0485 30.7053
 44.2016 30.3846
 44.3517 30.1047
 44.5119 29.8588
 44.6938 29.6353
 44.8982 29.4228
 45.109 29.2149
 45.2968 29.0116
 45.4322 28.8182
 45.5012 28.6414
 45.5111 28.4867
 45.4831 28.3571
 45.4387 28.2505
 45.3902 28.1582
57 17 3
 41.0094 32.0497
 40.5135 31.6414
 40.0186 31.2336
58 15 8
 46.2534 27.1376
 45.9864 27.3301
 45.7585 27.5135
 45.5922 27.6808
 45.4885 27.8281
 45.4325 27.9542
 45.4052 28.0618
 45.3902 28.1582
58 34 6
 46.2534 27.1376
 46.3197 26.8371
 46.3648 26.5576
 46.3782 26.3122
 46.363 26.1011
 46.3317 25.9112
59 32 46
 17.8755 34.8469
 17.578 34.9877
 17.2869 35.1074
 17.0042 35.1926
 16.7273 35.2408
 16.4506 35.2582
 16.1696 35.2557
 15.8837 35.2446
 15.5979 35.2348
 15.3201 35.2343
 15.0575 35.2492
 14.8125 35.284
 14.5825 35.3404
 14.3628 35.4169
 14.1504 35.509
 13.9433 35.6126
 13.7381 35.7261
 13.5296 35.8522
 13.3145 35.9949
 13.0958 36.1542
 12.8842 36.3223
 12.6922 36.4854
 12.5283 36.6282
 12.3925 36.7402
 12.278 36.8179
 12.1759 36.8645
 12.0786 36.887
 11.9815 36.8942
 11.8826 36.8925
 11.7815 36.8846
 11.678 36.8697
 11.5721 36.8473
 11.4647 36.8206
 11.3583 36.7964
 11.2567 36.7809
 11.1633 36.7741
 11.0785 36.7681
 10.9994 36.7511
 10.921 36.7142
 10.8391 36.6544
 10.7519 36.5737
 10.6604 36.476
 10.5669 36.3661
 10.4738 36.25
 10.3825 36.1325
 10.2927 36.016
59 10 12
 17.8755 34.8469
 18.2313 34.7966
 18.5538 34.7296
 18.8204 34.6284
 19.0231 34.4773
 19.1653 34.27
 19.2569 34.015
 19.3098 33.7351
 19.3363 33.4588
 19.3469 33.2083
 19.3497 32.9904
 19.3495 32.7943
60 11 4
 34.9756 33.8099
 34.7893 33.9309
 34.6139 34.0435
 34.4493 34.1477
60 4 5
 34.9756 33.8099
 35.0308 33.6707
 35.0722 33.5471
 35.0944 33.4456
 35.1032 33.3594
61 45 8
 6.87167 3.3117
 6.85548 3.06514
 6.83878 2.82831
 6.82136 2.61379
 6.80316 2.43471
 6.78411 2.29828
 6.76414 2.20035
 6.74353 2.12519
61 22 5
 6.87167 3.3117
 6.89574 3.51892
 6.92037 3.70602
 6.94579 3.86471
 6.97178 4.00331
62 54 43
 11.7188 13.6646
 10.9503 13.7077
 10.2071 13.7138
 9.51052 13.6665
 8.87866 13.5769
 8.32927 13.4736
 7.87597 13.3836
 7.52038 13.3182
 7.24932 13.2714
 7.04049 13.2288
 6.87106 13.1818
 6.72277 13.1376
 6.58338 13.118
 6.44692 13.1491
 6.31335 13.2473
 6.18577 13.4121
 6.06542 13.6263
 5.94722 13.863
 5.81889 14.0925
 5.66482 14.2887
 5.47353 14.4318
 5.24517 14.5103
 4.99453 14.5199
 4.74637 14.4626
 4.52554 14.3466
 4.34875 14.1876
 4.22264 14.0095
 4.14666 13.8384
 4.11583 13.6941
 4.12124 13.5837
 4.15021 13.502
 4.18806 13.4371
 4.22108 13.3775
 4.23895 13.3152
 4.23614 13.2461
 4.21274 13.1684
 4.17428 13.0822
 4.12973 12.99
 4.08762 12.8969
 4.05271 12.8086
 4.02517 12.7292
 4.00247 12.6589
 3.98184 12.5944
62 20 22
 11.7188 13.6646
 11.8455 13.3503
 11.9502 13.0409
 12.0167 12.7446
 12.0401 12.4727
 12.0271 12.235
 11.9938 12.0336
 11.959 11.8606
 11.9374 11.7012
 11.9345 11.5406
 11.9462 11.3677
 11.963 11.1764
 11.9757 10.9644
 11.9785 10.7338
 11.9669 10.4888
 11.934 10.2328
 11.8702 9.96646
 11.7687 9.6898
 11.6322 9.4069
 11.4732 9.12661
 11.3064 8.85652
 11.1396 8.59575
63 54 25
 6.14876 15.1754
 5.87429 15.0113
 5.59329 14.8635
 5.30568 14.7374
 5.02103 14.6233
 4.75621 14.5025
 4.52857 14.3593
 4.3495 14.1909
 4.22278 14.0102
 4.14668 13.8385
 4.11583 13.6941
 4.12124 13.5837
 4.15021 13.502
 4.18806 13.4371
 4.22108 13.3775
 4.23895 13.3152
 4.23614 13.2461
 4.21274 13.1684
 4.17428 13.0822
 4.12973 12.99
 4.08762 12.8969
 4.05271 12.8086
 4.02517 12.7292
 4.00247 12.6589
 3.98184 12.5944
63 37 36
 6.14876 15.1754
 6.33606 15.4165
 6.51616 15.6536
 6.68673 15.8792
 6.85159 16.0803
 7.01822 16.2391
 7.19329 16.3392
 7.37926 16.3755
 7.5729 16.3614
 7.76588 16.3273
 7.94714 16.3091
 8.10694 16.3356
 8.24092 16.4197
 8.35203 16.5585
 8.44887 16.7382
 8.54152 16.9407
 8.63719 17.1487
 8.73848 17.3483
 8.84492 17.5304
 8.95526 17.6915
 9.06752 17.8334
 9.17639 17.9609
 9.27174 18.0794
 9.34164 18.1933
 9.37903 18.3064
 9.38574 18.4215
 9.36931 18.5373
 9.33397 18.6459
 9.27371 18.7343
 9.17445 18.7895
 9.02551 18.8044
 8.83194 18.7812
 8.6169 18.7303
 8.41021 18.6656
 8.23021 18.5981
 8.0725 18.532
64 32 33
 5.99084 38.0669
 6.10687 37.812
 6.19115 37.5576
 6.23199 37.3074
 6.24318 37.0682
 6.25319 36.8466
 6.28893 36.644
 6.36552 36.456
 6.48559 36.2745
 6.6442 36.0932
 6.83415 35.9109
 7.04838 35.7321
 7.27979 35.565
 7.52039 35.418
 7.76157 35.2962
 7.99515 35.2006
 8.2142 35.1308
 8.41403 35.0868
 8.59353 35.0705
 8.75614 35.0834
 8.9094 35.1237
 9.06303 35.1858
 9.22576 35.2625
 9.40149 35.3463
 9.58657 35.4305
 9.77048 35.5092
 9.93994 35.5799
 10.0832 35.6449
 10.1922 35.71
 10.2633 35.7801
 10.2978 35.8561
 10.3033 35.9355
 10.2927 36.016
64 29 25
 5.99084 38.0669
 5.74881 38.1521
 5.52499 38.2206
 5.33054 38.2644
 5.16739 38.2877
 5.03101 38.3035
 4.91456 38.3267
 4.8116 38.3666
 4.71715 38.4237
 4.62772 38.489
 4.54119 38.549
 4.45654 38.593
 4.37352 38.6193
 4.29208 38.6359
 4.21139 38.6543
 4.129 38.6801
 4.04087 38.7099
 3.94279 38.7355
 3.83325 38.7517
 3.71634 38.7609
 3.60235 38.771
 3.50436 38.7888
 3.43191 38.8162
 3.38546 38.851
 3.35527 38.8892
65 24 131
 8.92345 43.615
 8.60337 44.0373
 8.30018 44.3909
 8.02738 44.6457
 7.7941 44.8213
 7.60645 44.966
 7.46797 45.1226
 7.3778 45.3074
 7.32823 45.5127
 7.3056 45.7219
 7.2959 45.9237
 7.2914 46.115
 7.29294 46.2957
 7.30645 46.4633
 7.33748 46.611
 7.38821 46.7316
 7.45736 46.8228
 7.54107 46.8896
 7.63412 46.9431
 7.73152 46.9944
 7.83015 47.0495
 7.92873 47.1088
 8.0263 47.1698
 8.12136 47.231
 8.21279 47.2926
 8.30154 47.355
 8.3904 47.4162
 8.48175 47.4723
 8.57543 47.5186
 8.66893 47.5525
 8.75975 47.5747
 8.84725 47.5884
 8.93222 47.5985
 9.01498 47.6104
 9.09447 47.6294
 9.16931 47.6593
 9.23963 47.7016
 9.30756 47.7536
 9.37546 47.8079
 9.44355 47.8538
 9.50939 47.8803
 9.57004 47.8799
 9.62527 47.8508
 9.67856 47.7989
 9.73484 47.7362
 9.79691 47.6777
 9.8639 47.6368
 9.93324 47.6206
 10.004 47.6274
 10.0781 47.6483
 10.1585 47.6721
 10.2457 47.6901
 10.3361 47.6992
 10.424 47.7021
 10.5045 47.7037
 10.5765 47.7068
 10.6419 47.7102
 10.7044 47.7098
 10.7672 47.7022
 10.8322 47.6868
 10.8995 47.6654
 10.9672 47.6399
 11.0333 47.6115
 11.0977 47.582
 11.1635 47.5536
 11.2362 47.5278
 11.3209 47.5034
 11.4187 47.4752
 11.5249 47.437
 11.6295 47.3845
 11.7213 47.3175
 11.7935 47.2399
 11.8468 47.158
 11.8901 47.079
 11.9353 47.0102
 11.9916 46.9567
 12.0623 46.9194
 12.1446 46.894
 12.2332 46.8729
 12.3222 46.8486
 12.4068 46.8165
 12.4832 46.7756
 12.548 46.7276
 12.599 46.6744
 12.6354 46.6172
 12.6601 46.5563
 12.6796 46.4917
 12.7025 46.4229
 12.7357 46.3495
 12.7818 46.2719
 12.839 46.1929
 12.9036 46.1188
 12.9734 46.058
 13.0484 46.0171
 13.1305 45.9973
 13.2204 45.994
 13.3175 45.9994
 13.4193 46.0062
 13.522 46.0107
 13.6216 46.0125
 13.7139 46.013
 13.7964 46.0136
 13.8691 46.0148
 13.9333 46.0173
 13.9909 46.0226
 14.0423 46.0331
 14.0866 46.0514
 14.1221 46.0788
 14.1469 46.1146
 14.1594 46.1566
 14.1586 46.2014
 14.1439 46.2456
 14.1154 46.2862
 14.0735 46.3207
 14.0199 46.3484
 13.9576 46.3703
 13.8911 46.3893
 13.8259 46.4088
 13.7675 46.4322
 13.7205 46.461
 13.6873 46.4956
 13.667 46.5343
 13.655 46.574
 13.6444 46.6114
 13.6291 46.6442
 13.6075 46.6723
 13.5834 46.6979
 13.5636 46.7248
 13.5541 46.7559
 13.556 46.7921
 13.5654 46.8317
65 23 3
 8.92345 43.615
 8.99591 43.2123
 9.06828 42.8103
66 3 112
 23.0875 46.5205
 22.9952 46.4891
 22.9055 46.4649
 22.8197 46.4521
 22.7374 46.4512
 22.6581 46.4598
 22.5816 46.4735
 22.5079 46.4877
 22.4371 46.4985
 22.3684 46.503
 22.3 46.5002
 22.2307 46.4908
 22.1603 46.4764
 22.0902 46.4598
 22.0231 46.4434
 21.9616 46.4286
 21.9066 46.415
 21.8574 46.4013
 21.8118 46.3872
 21.7675 46.3742
 21.7232 46.3653
 21.6786 46.3631
 21.6334 46.3676
 21.586 46.376
 21.5333 46.3835
 21.4712 46.3854
 21.3974 46.3788
 21.3137 46.3627
 21.2278 46.3374
 21.1522 46.302
 21.0989 46.255
 21.0746 46.1953
 21.078 46.1253
 21.1025 46.0515
 21.1402 45.9819
 21.1856 45.9226
 21.2357 45.8757
 21.2883 45.8394
 21.3398 45.8096
 21.3847 45.7816
 21.4175 45.7506
 21.4356 45.7125
 21.4414 45.6643
 21.4415 45.605
 21.4438 45.5352
 21.4542 45.4563
 21.476 45.3706
 21.5098 45.2809
 21.5543 45.1915
 21.6069 45.1076
 21.664 45.0336
 21.7219 44.9722
 21.778 44.9242
 21.8316 44.8896
 21.8832 44.8688
 21.9337 44.8623
 21.9832 44.8702
 22.0314 44.8911
 22.0783 44.9214
 22.1241 44.9564
 22.1698 44.9911
 22.216 45.0211
 22.2634 45.044
 22.3125 45.0589
 22.364 45.0667
 22.4184 45.0699
 22.475 45.0727
 22.5322 45.0798
 22.5879 45.0957
 22.6401 45.1217
 22.688 45.1543
 22.7318 45.1851
 22.7725 45.204
 22.8113 45.2042
 22.8491 45.186
 22.8864 45.1564
 22.9235 45.1259
 22.9603 45.1039
 22.9961 45.0963
 23.0306 45.1044
 23.0644 45.125
 23.1001 45.1523
 23.1412 45.1787
 23.1902 45.197
 23.247 45.2015
 23.3072 45.1888
 23.3646 45.1585
 23.4139 45.1137
 23.4546 45.0603
 23.4912 45.0057
 23.5318 44.9559
 23.5829 44.914
 23.6462 44.8804
 23.719 44.8536
 23.7968 44.8316
 23.8768 44.8126
 23.9582 44.7947
 24.0413 44.7772
 24.1255 44.7606
 24.2092 44.7466
 24.29 44.7377
 24.3659 44.735
 24.4353 44.7371
 24.4968 44.7405
 24.5488 44.7409
 24.5901 44.7352
 24.6208 44.7232
 24.6433 44.707
 24.6611 44.6899
 24.6772 44.6743
 24.6933 44.6608
 24.7097 44.6487
66 41 13
 23.0875 46.5205
 23.209 46.5634
 23.3245 46.6049
 23.4299 46.645
 23.5239 46.6849
 23.6078 46.7251
 23.6842 46.7646
 23.7563 46.8006
 23.8257 46.831
 23.8921 46.8548
 23.9535 46.8726
 24.0086 46.8859
 24.0592 46.897
67 35 23
 40.1498 48.0571
 40.4101 47.8256
 40.6491 47.6236
 40.8629 47.4682
 41.0684 47.3585
 41.2913 47.2812
 41.5507 47.2198
 41.849 47.162
 42.1721 47.1053
 42.4973 47.0563
 42.802 47.0252
 43.072 47.0187
 43.303 47.0372
 43.4973 47.0749
 43.6586 47.1243
 43.7885 47.1785
 43.8866 47.2327
 43.953 47.284
 43.9905 47.332
 44.0054 47.3781
 44.006 47.4238
 44 47.4701
 43.9919 47.517
67 19 3
 40.1498 48.0571
 39.9143 48.4229
 39.6793 48.7879
68 52 16
 47.3745 34.7123
 48.0026 34.2367
 48.5038 33.7994
 48.8105 33.4284
 48.9312 33.1359
 48.9221 32.9187
 48.8453 32.7603
 48.744 32.6359
 48.6389 32.5205
 48.5368 32.3972
 48.4381 32.2626
 48.3424 32.1257
 48.2506 32.0006
 48.1648 31.8986
 48.0859 31.8216
 48.0119 31.7605
68 1 5
 47.3745 34.7123
 46.5398 35.355
 45.8218 35.9177
 45.2674 36.368
 44.8278 36.7393
69 15 11
 47.0256 29.632
 46.7213 29.3944
 46.4359 29.1781
 46.1853 28.9942
 45.979 28.8401
 45.8166 28.7048
 45.6905 28.578
 45.5911 28.4571
 45.5115 28.3457
 45.4467 28.2472
 45.3902 28.1582
69 52 9
 47.0256 29.632
 47.2493 30.0714
 47.4587 30.4848
 47.6412 30.8494
 47.7872 31.15
 47.8923 31.381
 47.9581 31.5482
 47.9934 31.6673
 48.0119 31.7605
70 6 53
 41.8859 22.3444
 41.7726 22.0278
 41.6791 21.7252
 41.6177 21.4495
 41.5898 21.21
 41.5874 21.0089
 41.597 20.8422
 41.6041 20.7016
 41.5981 20.5789
 41.5759 20.466
 41.5439 20.3545
 41.5155 20.2377
 41.5047 20.1146
 41.5204 19.9923
 41.5642 19.8836
 41.6317 19.8005
 41.7156 19.7469
 41.807 19.717
 41.8971 19.6979
 41.9775 19.6756
 42.0423 19.6399
 42.0889 19.5862
 42.1184 19.5143
 42.135 19.425
 42.1446 19.3182
 42.1521 19.1921
 42.1599 19.0462
 42.168 18.8828
 42.1751 18.7084
 42.1803 18.5322
 42.1845 18.3636
 42.1896 18.209
 42.1976 18.0702
 42.2086 17.9435
 42.22 17.822
 42.2292 17.699
 42.2356 17.5697
 42.2424 17.4311
 42.2537 17.2807
 42.2719 17.1153
 42.2955 16.9315
 42.3214 16.7268
 42.348 16.5001
 42.3761 16.2537
 42.4072 15.9945
 42.44 15.7348
 42.469 15.4897
 42.4876 15.2721
 42.4919 15.0885
 42.4829 14.9384
 42.4648 14.8161
 42.4422 14.7135
 42.418 14.6211
70 50 11
 41.8859 22.3444
 42.0709 22.5403
 42.284 22.7308
 42.5312 22.91
 42.793 23.0713
 43.0397 23.2089
 43.2492 23.3193
 43.4152 23.403
 43.5433 23.4639
 43.6451 23.5082
 43.7337 23.5439
71 15 23
 41.1864 33.4588
 41.7173 33.2087
 42.2009 32.9692
 42.6119 32.7339
 42.9518 32.4791
 43.2362 32.1802
 43.4806 31.831
 43.6941 31.4493
 43.8817 31.0651
 44.0485 30.7053
 44.2016 30.3846
 44.3517 30.1047
 44.5119 29.8588
 44.6938 29.6353
 44.8982 29.4228
 45.109 29.2149
 45.2968 29.0116
 45.4322 28.8182
 45.5012 28.6414
 45.5111 28.4867
 45.4831 28.3571
 45.4387 28.2505
 45.3902 28.1582
71 39 3
 41.1864 33.4588
 40.5376 33.7562
 39.8898 34.053
72 3 162
 35.6152 42.0629
 35.3564 42.1143
 35.0919 42.1796
 34.8144 42.2693
 34.5188 42.3866
 34.2099 42.5244
 33.9043 42.6666
 33.6242 42.7934
 33.3857 42.889
 33.1928 42.9458
 33.0395 42.9639
 32.9153 42.948
 32.8098 42.9043
 32.714 42.8403
 32.6215 42.7648
 32.5298 42.6878
 32.4398 42.6182
 32.3536 42.5627
 32.2714 42.5241
 32.191 42.5021
 32.1104 42.4945
 32.0293 42.4979
 31.9507 42.5091
 31.8801 42.5264
 31.8237 42.5506
 31.7847 42.584
 31.7616 42.6286
 31.7477 42.6838
 31.7334 42.7457
 31.7103 42.8081
 31.6728 42.8643
 31.6187 42.9097
 31.5484 42.9427
 31.4651 42.964
 31.3738 42.9757
 31.2809 42.9802
 31.1925 42.98
 31.1143 42.9779
 31.0517 42.978
 31.0088 42.9849
 30.9877 43.0028
 30.9867 43.0338
 31.001 43.0765
 31.0248 43.1271
 31.053 43.1803
 31.0814 43.2321
 31.1063 43.281
 31.123 43.3286
 31.1263 43.3773
 31.1121 43.4288
 31.0785 43.4819
 31.027 43.534
 30.9608 43.5826
 30.8843 43.6268
 30.8011 43.6674
 30.7142 43.7044
 30.6258 43.7366
 30.5376 43.762
 30.4518 43.7791
 30.3704 43.7887
 30.2948 43.7927
 30.2248 43.7926
 30.1587 43.7891
 30.0946 43.782
 30.0321 43.7717
 29.9723 43.7607
 29.9176 43.7527
 29.8706 43.7517
 29.8322 43.7598
 29.8016 43.7766
 29.7762 43.7987
 29.7527 43.8224
 29.7276 43.8462
 29.6974 43.8721
 29.6578 43.9048
 29.6032 43.9481
 29.5287 44.001
 29.4318 44.0556
 29.3145 44.1004
 29.1827 44.125
 29.0447 44.1252
 28.9086 44.1047
 28.7796 44.0728
 28.6585 44.0396
 28.5416 44.0123
 28.4248 43.9944
 28.3066 43.9867
 28.1896 43.99
 28.0777 44.0053
 27.9736 44.0345
 27.8766 44.0777
 27.7834 44.1315
 27.6906 44.1881
 27.5964 44.2368
 27.5026 44.268
 27.4144 44.2768
 27.3377 44.2639
 27.2764 44.2341
 27.2299 44.1934
 27.1931 44.1473
 27.1586 44.1002
 27.1206 44.0552
 27.0773 44.0135
 27.0317 43.9749
 26.989 43.9376
 26.953 43.9007
 26.9236 43.8652
 26.8965 43.8345
 26.8656 43.8126
 26.8268 43.8028
 26.7801 43.8068
 26.7296 43.825
 26.681 43.8561
 26.6392 43.8974
 26.6063 43.9447
 26.5812 43.9939
 26.5614 44.0416
 26.5436 44.0855
 26.5249 44.1232
 26.5028 44.1517
 26.4761 44.1679
 26.4446 44.1703
 26.4096 44.1606
 26.3732 44.1432
 26.3378 44.1246
 26.3058 44.1108
 26.2796 44.1063
 26.26 44.113
 26.2461 44.1302
 26.2342 44.1549
 26.2187 44.1831
 26.1943 44.211
 26.1576 44.2369
 26.1086 44.2611
 26.0504 44.286
 25.9879 44.3142
 25.9259 44.3478
 25.8672 44.3875
 25.8126 44.4326
 25.7604 44.481
 25.709 44.5295
 25.6575 44.5755
 25.6069 44.6187
 25.5586 44.6625
 25.5138 44.7115
 25.4715 44.7692
 25.4285 44.8354
 25.38 44.9061
 25.3222 44.9743
 25.2547 45.0313
 25.1826 45.0685
 25.1143 45.08
 25.0574 45.0641
 25.0146 45.0244
 24.9828 44.9688
 24.9556 44.9062
 24.927 44.8447
 24.893 44.7894
 24.8527 44.7428
 24.8074 44.705
 24.7591 44.6747
 24.7097 44.6487
72 51 4
 35.6152 42.0629
 35.6537 41.8024
 35.6887 41.5519
 35.7201 41.3115
73 11 25
 31.6653 36.4971
 31.9828 36.3474
 32.2652 36.2072
 32.493 36.0824
 32.6676 35.9745
 32.8036 35.8811
 32.9185 35.7983
 33.0256 35.7215
 33.1323 35.6466
 33.2424 35.5701
 33.3567 35.4898
 33.473 35.4065
 33.5861 35.3232
 33.6898 35.2434
 33.7809 35.1684
 33.862 35.0957
 33.9403 35.0198
 34.0234 34.9336
 34.114 34.832
 34.2071 34.7147
 34.2923 34.5876
 34.3599 34.4608
 34.4057 34.344
 34.4328 34.241
 34.4493 34.1477
73 26 8
 31.6653 36.4971
 31.3511 36.5318
 31.0576 36.5753
 30.8014 36.6302
 30.5919 36.692
 30.4299 36.7529
 30.3066 36.808
 30.2051 36.8581
74 21 6
 29.1615 37.3142
 28.9804 37.2358
 28.8143 37.1589
 28.6722 37.0852
 28.5538 37.0157
 28.4497 36.9493
74 26 6
 29.1615 37.3142
 29.4392 37.1818
 29.6904 37.0661
 29.8989 36.9762
 30.0651 36.9102
 30.2051 36.8581
75 49 14
 43.2268 8.85361
 43.0417 8.93539
 42.8875 9.04143
 42.7757 9.18954
 42.6928 9.38483
 42.61 9.61729
 42.5 9.86606
 42.3496 10.1065
 42.1631 10.3151
 41.9585 10.4717
 41.7583 10.5641
 41.5795 10.5919
 41.4266 10.5687
 41.2907 10.5178
75 0 7
 43.2268 8.85361
 43.4106 8.43544
 43.5797 8.06265
 43.7233 7.76201
 43.8377 7.53496
 43.9269 7.36367
 44.0015 7.22135
76 46 8
 48.6775 14.833
 48.5693 14.5552
 48.4986 14.3064
 48.4798 14.1048
 48.4992 13.954
 48.5309 13.8468
 48.5555 13.7702
 48.5704 13.7094
76 40 6
 48.6775 14.833
 48.945 15.2925
 49.1725 15.7198
 49.3375 16.0934
 49.4428 16.411
 49.5126 16.6928
77 34 6
 45.4069 25.3776
 45.7106 25.4808
 45.9662 25.5857
 46.1478 25.6929
 46.26 25.8017
 46.3317 25.9112
77 28 5
 45.4069 25.3776
 45.0932 25.2149
 44.8251 25.068
 44.6209 24.9435
 44.4615 24.8348
78 53 44
 9.21611 1.57798
 9.45633 1.64894
 9.68302 1.75195
 9.88285 1.90155
 10.0434 2.09147
 10.1557 2.30599
 10.2198 2.53344
 10.2463 2.77047
 10.2517 3.01655
 10.2507 3.26627
 10.2503 3.50694
 10.2511 3.7228
 10.2521 3.90179
 10.2549 4.0398
 10.2645 4.1406
 10.2877 4.21296
 10.329 4.26753
 10.3875 4.31539
 10.4573 4.36818
 10.5281 4.4381
 10.5875 4.53571
 10.621 4.66561
 10.6149 4.82326
 10.5612 4.99652
 10.4645 5.17148
 10.3455 5.3384
 10.2353 5.4933
 10.1642 5.63539
 10.1503 5.76373
 10.1943 5.87621
 10.2834 5.97089
 10.399 6.04794
 10.5234 6.11043
 10.6436 6.16376
 10.7516 6.21425
 10.8442 6.26776
 10.9222 6.32841
 10.99 6.39727
 11.0532 6.47117
 11.1159 6.54317
 11.1789 6.60509
 11.2402 6.65148
 11.2981 6.68246
 11.353 6.70395
78 45 13
 9.21611 1.57798
 8.89508 1.64531
 8.57575 1.68866
 8.26224 1.70024
 7.96274 1.69313
 7.68873 1.69204
 7.45081 1.71768
 7.25425 1.77564
 7.09774 1.85584
 6.97582 1.94078
 6.88155 2.01586
 6.8072 2.07579
 6.74353 2.12519
79 36 34
 11.3693 20.1993
 11.4932 19.9516
 11.623 19.7561
 11.7635 19.6499
 11.9163 19.6472
 12.0773 19.7382
 12.2381 19.8958
 12.3916 20.0865
 12.5358 20.2796
 12.6732 20.4553
 12.8064 20.6069
 12.9335 20.74
 13.0497 20.8682
 13.1504 21.0074
 13.2348 21.1695
 13.3058 21.358
 13.3673 21.5677
 13.4198 21.7885
 13.4606 22.0096
 13.4865 22.2229
 13.4982 22.424
 13.5034 22.6118
 13.5137 22.7872
 13.5389 22.9517
 13.5827 23.1066
 13.6406 23.252
 13.7027 23.3878
 13.7594 23.5143
 13.8062 23.6332
 13.8453 23.7456
 13.8834 23.8514
 13.9267 23.9493
 13.9772 24.0392
 14.0326 24.124
79 37 25
 11.3693 20.1993
 11.0644 20.3321
 10.7686 20.4338
 10.4877 20.4877
 10.2236 20.495
 9.97779 20.4672
 9.75394 20.4147
 9.55792 20.3417
 9.39495 20.2492
 9.2674 20.1407
 9.17499 20.0237
 9.11693 19.9054
 9.09305 19.7882
 9.10172 19.668
 9.13585 19.5393
 9.18024 19.4015
 9.21246 19.2614
 9.20717 19.13
 9.14339 19.0148
 9.01314 18.9162
 8.8277 18.8286
 8.61563 18.7472
 8.40988 18.6706
 8.23013 18.5993
 8.0725 18.532
80 37 31
 8.62773 25.4239
 8.66761 24.722
 8.7034 24.0576
 8.73633 23.4588
 8.77191 22.9417
 8.81369 22.5137
 8.85911 22.1748
 8.90239 21.9149
 8.94151 21.7112
 8.98128 21.5327
 9.02833 21.3494
 9.08278 21.1438
 9.13486 20.9152
 9.17016 20.6768
 9.17892 20.4473
 9.16212 20.2421
 9.13085 20.0678
 9.10131 19.9214
 9.08849 19.7929
 9.10065 19.6691
 9.13565 19.5395
 9.18022 19.4015
 9.21245 19.2614
 9.20717 19.13
 9.14339 19.0148
 9.01314 18.9162
 8.8277 18.8286
 8.61563 18.7472
 8.40988 18.6706
 8.23013 18.5993
 8.0725 18.532
80 7 13
 8.62773 25.4239
 8.5269 25.8716
 8.46261 26.2816
 8.45096 26.6299
 8.4811 26.9101
 8.52439 27.1286
 8.55012 27.2944
 8.53768 27.4147
 8.48153 27.4954
 8.38947 27.5453
 8.27635 27.5764
 8.15583 27.6
 8.0347 27.6223
81 24 125
 6.52864 45.4882
 6.77268 45.5854
 6.98107 45.6946
 7.1313 45.8229
 7.22066 45.9708
 7.26403 46.1331
 7.28474 46.3014
 7.30449 46.4647
 7.33712 46.6112
 7.38817 46.7317
 7.45735 46.8228
 7.54107 46.8896
 7.63412 46.9431
 7.73152 46.9944
 7.83015 47.0495
 7.92873 47.1088
 8.0263 47.1698
 8.12136 47.231
 8.21279 47.2926
 8.30154 47.355
 8.3904 47.4162
 8.48175 47.4723
 8.57543 47.5186
 8.66893 47.5525
 8.75975 47.5747
 8.84725 47.5884
 8.93222 47.5985
 9.01498 47.6104
 9.09447 47.6294
 9.16931 47.6593
 9.23963 47.7016
 9.30756 47.7536
 9.37546 47.8079
 9.44355 47.8538
 9.50939 47.8803
 9.57004 47.8799
 9.62527 47.8508
 9.67856 47.7989
 9.73484 47.7362
 9.79691 47.6777
 9.8639 47.6368
 9.93324 47.6206
 10.004 47.6274
 10.0781 47.6483
 10.1585 47.6721
 10.2457 47.6901
 10.3361 47.6992
 10.424 47.7021
 10.5045 47.7037
 10.5765 47.7068
 10.6419 47.7102
 10.7044 47.7098
 10.7672 47.7022
 10.8322 47.6868
 10.8995 47.6654
 10.9672 47.6399
 11.0333 47.6115
 11.0977 47.582
 11.1635 47.5536
 11.2362 47.5278
 11.3209 47.5034
 11.4187 47.4752
 11.5249 47.437
 11.6295 47.3845
 11.7213 47.3175
 11.7935 47.2399
 11.8468 47.158
 11.8901 47.079
 11.9353 47.0102
 11.9916 46.9567
 12.0623 46.9194
 12.1446 46.894
 12.2332 46.8729
 12.3222 46.8486
 12.4068 46.8165
 12.4832 46.7756
 12.548 46.7276
 12.599 46.6744
 12.6354 46.6172
 12.6601 46.5563
 12.6796 46.4917
 12.7025 46.4229
 12.7357 46.3495
 12.7818 46.2719
 12.839 46.1929
 12.9036 46.1188
 12.9734 46.058
 13.0484 46.0171
 13.1305 45.9973
 13.2204 45.994
 13.3175 45.9994
 13.4193 46.0062
 13.522 46.0107
 13.6216 46.0125
 13.7139 46.013
 13.7964 46.0136
 13.8691 46.0148
 13.9333 46.0173
 13.9909 46.0226
 14.0423 46.0331
 14.0866 46.0514
 14.1221 46.0788
 14.1469 46.1146
 14.1594 46.1566
 14.1586 46.2014
 14.1439 46.2456
 14.1154 46.2862
 14.0735 46.3207
 14.0199 46.3484
 13.9576 46.3703
 13.8911 46.3893
 13.8259 46.4088
 13.7675 46.4322
 13.7205 46.461
 13.6873 46.4956
 13.667 46.5343
 13.655 46.574
 13.6444 46.6114
 13.6291 46.6442
 13.6075 46.6723
 13.5834 46.6979
 13.5636 46.7248
 13.5541 46.7559
 13.556 46.7921
 13.5654 46.8317
81 29 64
 6.52864 45.4882
 6.29204 45.2793
 6.08757 45.0648
 5.93449 44.845
 5.83344 44.6287
 5.76935 44.4296
 5.71956 44.2598
 5.66191 44.1241
 5.58049 44.0193
 5.46872 43.9385
 5.3294 43.875
 5.17117 43.8238
 5.00243 43.7809
 4.82649 43.742
 4.64151 43.7022
 4.44486 43.6565
 4.23719 43.6008
 4.02291 43.5332
 3.80736 43.4537
 3.59415 43.3633
 3.38452 43.2641
 3.1784 43.1583
 2.97505 43.0489
 2.77356 42.9398
 2.57389 42.834
 2.37895 42.7324
 2.19595 42.6334
 2.03518 42.5351
 1.9064 42.4371
 1.81494 42.3399
 1.7597 42.2425
 1.73396 42.1396
 1.72812 42.0244
 1.73316 41.8922
 1.74364 41.7452
 1.75902 41.5916
 1.78315 41.4408
 1.82147 41.2983
 1.8771 41.1624
 1.9472 41.0266
 2.02245 40.8827
 2.09084 40.7243
 2.14466 40.5506
 2.18624 40.37
 2.22803 40.2007
 2.286 40.0684
 2.37061 39.9953
 2.4812 39.9883
 2.6073 40.0299
 2.73515 40.0826
 2.85449 40.1041
 2.96098 40.0669
 3.05416 39.968
 3.13414 39.8249
 3.20047 39.6643
 3.25309 39.5106
 3.29327 39.3796
 3.32319 39.2758
 3.3448 39.1951
 3.35911 39.1283
 3.36646 39.0672
 3.36726 39.0075
 3.36277 38.9482
 3.35527 38.8892
82 24 145
 3.79974 48.2432
 3.97047 48.2129
 4.1379 48.1872
 4.29931 48.1704
 4.45242 48.1655
 4.59485 48.1735
 4.72442 48.1934
 4.84035 48.2236
 4.94438 48.2632
 5.04079 48.3113
 5.13523 48.3651
 5.23318 48.4172
 5.33879 48.4567
 5.4538 48.4746
 5.57702 48.4697
 5.70536 48.45
 5.83641 48.4276
 5.97081 48.4099
 6.11164 48.3956
 6.26115 48.3761
 6.41756 48.3416
 6.57492 48.2865
 6.72576 48.2111
 6.86382 48.1195
 6.98542 48.0145
 7.08941 47.8952
 7.17711 47.7574
 7.25239 47.5998
 7.32124 47.4309
 7.39044 47.2692
 7.46546 47.1369
 7.54869 47.0503
 7.63916 47.0138
 7.73412 47.0206
 7.83121 47.0575
 7.92906 47.1107
 8.02639 47.1702
 8.12137 47.2311
 8.21279 47.2926
 8.30154 47.355
 8.3904 47.4162
 8.48175 47.4723
 8.57543 47.5186
 8.66893 47.5525
 8.75975 47.5747
 8.84725 47.5884
 8.93222 47.5985
 9.01498 47.6104
 9.09447 47.6294
 9.16931 47.6593
 9.23963 47.7016
 9.30756 47.7536
 9.37546 47.8079
 9.44355 47.8538
 9.50939 47.8803
 9.57004 47.8799
 9.62527 47.8508
 9.67856 47.7989
 9.73484 47.7362
 9.79691 47.6777
 9.8639 47.6368
 9.93324 47.6206
 10.004 47.6274
 10.0781 47.6483
 10.1585 47.6721
 10.2457 47.6901
 10.3361 47.6992
 10.424 47.7021
 10.5045 47.7037
 10.5765 47.7068
 10.6419 47.7102
 10.7044 47.7098
 10.7672 47.7022
 10.8322 47.6868
 10.8995 47.6654
 10.9672 47.6399
 11.0333 47.6115
 11.0977 47.582
 11.1635 47.5536
 11.2362 47.5278
 11.3209 47.5034
 11.4187 47.4752
 11.5249 47.437
 11.6295 47.3845
 11.7213 47.3175
 11.7935 47.2399
 11.8468 47.158
 11.8901 47.079
 11.9353 47.0102
 11.9916 46.9567
 12.0623 46.9194
 12.1446 46.894
 12.2332 46.8729
 12.3222 46.8486
 12.4068 46.8165
 12.4832 46.7756
 12.548 46.7276
 12.599 46.6744
 12.6354 46.6172
 12.6601 46.5563
 12.6796 46.4917
 12.7025 46.4229
 12.7357 46.3495
 12.7818 46.2719
 12.839 46.1929
 12.9036 46.1188
 12.9734 46.058
 13.0484 46.0171
 13.1305 45.9973
 13.2204 45.994
 13.3175 45.9994
 13.4193 46.0062
 13.522 46.0107
 13.6216 46.0125
 13.7139 46.013
 13.7964 46.0136
 13.8691 46.0148
 13.9333 46.0173
 13.9909 46.0226
 14.0423 46.0331
 14.0866 46.0514
 14.1221 46.0788
 14.1469 46.1146
 14.1594 46.1566
 14.1586 46.2014
 14.1439 46.2456
 14.1154 46.2862
 14.0735 46.3207
 14.0199 46.3484
 13.9576 46.3703
 13.8911 46.3893
 13.8259 46.4088
 13.7675 46.4322
 13.7205 46.461
 13.6873 46.4956
 13.667 46.5343
 13.655 46.574
 13.6444 46.6114
 13.6291 46.6442
 13.6075 46.6723
 13.5834 46.6979
 13.5636 46.7248
 13.5541 46.7559
 13.556 46.7921
 13.5654 46.8317
82 16 8
 3.79974 48.2432
 3.6512 48.2581
 3.51248 48.275
 3.38995 48.2934
 3.28565 48.31
 3.19842 48.3208
 3.1248 48.324
 3.05891 48.3218
83 35 41
 39.1185 43.5785
 39.2059 43.8434
 39.298 44.0873
 39.3995 44.2953
 39.5123 44.4607
 39.6336 44.5845
 39.7554 44.6715
 39.8677 44.7269
 39.9624 44.7542
 40.0375 44.7556
 40.098 44.7351
 40.1548 44.7025
 40.221 44.6762
 40.3075 44.6801
 40.4212 44.7351
 40.5634 44.8486
 40.7295 45.0083
 40.9097 45.1865
 41.0914 45.3534
 41.2642 45.491
 41.4238 45.599
 41.575 45.6894
 41.7303 45.7773
 41.9033 45.8743
 42.102 45.9864
 42.3234 46.1165
 42.5554 46.2647
 42.7825 46.4271
 42.9938 46.5948
 43.1862 46.7545
 43.3621 46.8941
 43.5233 47.0078
 43.6682 47.0977
 43.7914 47.1698
 43.8873 47.2304
 43.9531 47.2835
 43.9905 47.332
 44.0054 47.3781
 44.006 47.4238
 44 47.4701
 43.9919 47.517
83 51 16
 39.1185 43.5785
 38.7668 43.4
 38.4285 43.2484
 38.1102 43.1444
 37.8114 43.0936
 37.531 43.0834
 37.2695 43.0884
 37.0257 43.0811
 36.7945 43.0396
 36.5707 42.9463
 36.3556 42.7876
 36.1593 42.5589
 35.9953 42.2721
 35.8716 41.9537
 35.7849 41.63
 35.7201 41.3115
84 21 13
 27.233 35.9348
 26.9608 36.2622
 26.745 36.5421
 26.6287 36.7478
 26.635 36.8795
 26.7654 36.9539
 27 36.9908
 27.2999 37.0049
 27.6155 37.0054
 27.9017 36.9974
 28.1325 36.984
 28.3079 36.9674
 28.4497 36.9493
84 10 61
 27.233 35.9348
 27.4406 35.4446
 27.5828 35.0173
 27.6192 34.6805
 27.5385 34.4151
 27.3443 34.1717
 27.0415 33.901
 26.6387 33.5822
 26.1573 33.2346
 25.6344 32.9102
 25.1119 32.6672
 24.6234 32.5387
 24.1889 32.5146
 23.8174 32.5499
 23.5099 32.5929
 23.262 32.6098
 23.0656 32.5919
 22.9128 32.5452
 22.7976 32.4772
 22.7133 32.3923
 22.6499 32.293
 22.5933 32.183
 22.5278 32.066
 22.4401 31.9441
 22.3211 31.817
 22.1654 31.6841
 21.9725 31.5474
 21.7477 31.4127
 21.5021 31.2889
 21.25 31.1852
 21.0038 31.1075
 20.7698 31.0555
 20.5478 31.0217
 20.3317 30.9933
 20.1134 30.9555
 19.8857 30.8974
 19.6461 30.8173
 19.3981 30.7274
 19.1499 30.6518
 18.9107 30.6183
 18.6894 30.6446
 18.4947 30.7303
 18.336 30.8582
 18.2227 31.0049
 18.1594 31.1528
 18.1408 31.2961
 18.1491 31.4379
 18.1557 31.5834
 18.1313 31.7344
 18.0598 31.8884
 17.9497 32.0422
 17.8334 32.1966
 17.7556 32.355
 17.7563 32.5176
 17.8577 32.6755
 18.0577 32.8103
 18.3287 32.9025
 18.6262 32.9405
 18.9056 32.9257
 19.1438 32.8706
 19.3495 32.7943
85 33 8
 44.1358 8.7462
 44.3855 9.09235
 44.5997 9.39278
 44.759 9.62071
 44.8653 9.77457
 44.9345 9.87052
 44.9842 9.93028
 45.0269 9.97348
85 0 6
 44.1358 8.7462
 44.0539 8.31674
 43.9953 7.93698
 43.9712 7.63464
 43.9778 7.4061
 44.0015 7.22135
86 25 9
 49.3582 10.9076
 49.2702 10.5943
 49.2163 10.3208
 49.2142 10.1119
 49.2604 9.97094
 49.3373 9.88587
 49.4251 9.83836
 49.5117 9.8118
 49.5945 9.79408
86 8 6
 49.3582 10.9076
 49.3681 11.3142
 49.3525 11.6708
 49.2994 11.9477
 49.213 12.1467
 49.1083 12.2985
87 54 33
 0.267325 8.22975
 0.22632 8.64083
 0.195064 8.99691
 0.18162 9.26861
 0.191034 9.4613
 0.224893 9.60431
 0.281968 9.73027
 0.359475 9.8586
 0.454064 9.99097
 0.562111 10.1177
 0.679677 10.229
 0.802692 10.3239
 0.927385 10.4125
 1.05057 10.5132
 1.16981 10.6439
 1.28414 10.8141
 1.39502 11.0195
 1.50676 11.242
 1.62558 11.4575
 1.75858 11.6448
 1.91358 11.7939
 2.09871 11.9068
 2.31943 11.9949
 2.57282 12.0721
 2.84375 12.1489
 3.10761 12.2299
 3.33968 12.3134
 3.52526 12.3941
 3.66405 12.4652
 3.76663 12.5209
 3.84696 12.5589
 3.9164 12.5812
 3.98184 12.5944
87 45 35
 0.267325 8.22975
 0.233301 7.47319
 0.204375 6.79153
 0.188472 6.23294
 0.197488 5.80886
 0.244723 5.50213
 0.338946 5.28226
 0.479614 5.11713
 0.658053 4.97921
 0.863747 4.84875
 1.08966 4.71555
 1.33261 4.57981
 1.59145 4.45172
 1.86753 4.34791
 2.16748 4.28233
 2.50262 4.25216
 2.88221 4.22764
 3.3044 4.158
 3.75315 3.99528
 4.205 3.72076
 4.64095 3.35361
 5.05327 2.93771
 5.44221 2.52233
 5.80667 2.15143
 6.13873 1.86019
 6.42609 1.67037
 6.65778 1.58452
 6.82708 1.58615
 6.93159 1.64792
 6.97417 1.74158
 6.96516 1.84386
 6.92185 1.93833
 6.86308 2.01604
 6.8022 2.07614
 6.74353 2.12519
88 48 15
 19.0094 3.19798
 18.6044 3.51462
 18.24 3.78829
 17.9414 3.99528
 17.7123 4.13768
 17.5402 4.23516
 17.407 4.31075
 17.2971 4.38033
 17.2001 4.44973
 17.1088 4.51705
 17.0173 4.57672
 16.9223 4.62313
 16.824 4.65334
 16.7247 4.66878
 16.6259 4.6754
88 9 15
 19.0094 3.19798
 19.2073 2.80137
 19.3818 2.44527
 19.5248 2.15386
 19.6437 1.92683
 19.7489 1.74291
 19.8444 1.57262
 19.9299 1.39305
 20.0076 1.19722
 20.0853 0.994359
 20.1712 0.802496
 20.2683 0.638431
 20.3727 0.510126
 20.4785 0.413997
 20.5833 0.336663
89 27 16
 16.7392 5.77567
 16.7059 5.94467
 16.6829 6.11367
 16.6758 6.28295
 16.6833 6.45207
 16.6991 6.61871
 16.7171 6.77923
 16.7358 6.93109
 16.7599 7.07439
 16.7957 7.21094
 16.846 7.34198
 16.9072 7.46689
 16.9711 7.58395
 17.0301 7.69205
 17.081 7.79207
 17.1261 7.88724
89 48 11
 16.7392 5.77567
 16.8357 5.59627
 16.9176 5.41642
 16.9742 5.2401
 17 5.07691
 16.9936 4.93881
 16.9567 4.83428
 16.8936 4.7639
 16.8122 4.7207
 16.7208 4.69434
 16.6259 4.6754
90 53 35
 14.6565 7.61069
 14.3482 7.71428
 14.0512 7.80384
 13.7729 7.86908
 13.5175 7.90571
 13.2885 7.91519
 13.0906 7.90218
 12.9279 7.87102
 12.8014 7.82379
 12.7085 7.76083
 12.6429 7.68274
 12.596 7.59173
 12.5588 7.49131
 12.5246 7.38521
 12.4901 7.27672
 12.4543 7.16889
 12.4166 7.06536
 12.375 6.97101
 12.327 6.89169
 12.2716 6.83253
 12.2109 6.79516
 12.1493 6.77569
 12.0911 6.76546
 12.0389 6.75491
 11.9923 6.73847
 11.949 6.71731
 11.9055 6.69781
 11.8583 6.68682
 11.8042 6.68695
 11.7411 6.69517
 11.6694 6.70531
 11.5913 6.71204
 11.5108 6.71323
 11.4311 6.70979
 11.353 6.70395
90 27 19
 14.6565 7.61069
 14.9348 7.4527
 15.1919 7.30393
 15.4166 7.1715
 15.61 7.06019
 15.7799 6.97381
 15.9347 6.91614
 16.0801 6.89034
 16.2192 6.89804
 16.3526 6.93877
 16.4795 7.00986
 16.5976 7.10622
 16.7056 7.22033
 16.803 7.34319
 16.89 7.46628
 16.9654 7.58344
 17.0286 7.69185
 17.0807 7.79202
 17.1261 7.88724
91 53 28
 11.8521 7.90243
 11.9864 7.76493
 12.1047 7.63907
 12.1988 7.53176
 12.27 7.44286
 12.3238 7.36632
 12.3636 7.29367
 12.3892 7.21783
 12.3983 7.13572
 12.3898 7.04918
 12.3641 6.96429
 12.3234 6.88937
 12.2707 6.83189
 12.2107 6.79503
 12.1492 6.77567
 12.0911 6.76546
 12.0389 6.75491
 11.9923 6.73847
 11.949 6.71731
 11.9055 6.69781
 11.8583 6.68682
 11.8042 6.68695
 11.7411 6.69517
 11.6694 6.70531
 11.5913 6.71204
 11.5108 6.71323
 11.4311 6.70979
 11.353 6.70395
91 20 7
 11.8521 7.90243
 11.7134 8.03269
 11.5803 8.15902
 11.4567 8.27863
 11.3434 8.39042
 11.2389 8.49519
 11.1396 8.59575
92 37 27
 7.87396 22.1033
 8.2281 21.9989
 8.52714 21.8917
 8.74142 21.7788
 8.87595 21.6556
 8.95933 21.5138
 9.02246 21.3443
 9.08158 21.1428
 9.13469 20.915
 9.17014 20.6767
 9.17892 20.4473
 9.16212 20.2421
 9.13085 20.0678
 9.10131 19.9214
 9.08849 19.7929
 9.10065 19.6691
 9.13565 19.5395
 9.18022 19.4015
 9.21245 19.2614
 9.20717 19.13
 9.14339 19.0148
 9.01314 18.9162
 8.8277 18.8286
 8.61563 18.7472
 8.40988 18.6706
 8.23013 18.5993
 8.0725 18.532
92 5 10
 7.87396 22.1033
 7.40435 21.899
 6.95721 21.7433
 6.55209 21.6628
 6.20541 21.6555
 5.9301 21.7016
 5.7317 21.779
 5.60372 21.8718
 5.52782 21.9713
 5.47892 22.0732
93 10 34
 15.3884 30.2537
 15.7516 30.1939
 16.1376 30.1086
 16.5469 29.9971
 16.9546 29.886
 17.327 29.8084
 17.6421 29.7827
 17.8984 29.8074
 18.1073 29.8701
 18.2795 29.9592
 18.4146 30.068
 18.5014 30.1938
 18.5269 30.3357
 18.4895 30.4925
 18.4047 30.6601
 18.3018 30.831
 18.212 30.9962
 18.1567 31.1506
 18.1403 31.2957
 18.149 31.4378
 18.1557 31.5834
 18.1313 31.7344
 18.0598 31.8884
 17.9497 32.0422
 17.8334 32.1966
 17.7556 32.355
 17.7563 32.5176
 17.8577 32.6755
 18.0577 32.8103
 18.3287 32.9025
 18.6262 32.9405
 18.9056 32.9257
 19.1438 32.8706
 19.3495 32.7943
93 36 38
 15.3884 30.2537
 15.22 29.8782
 15.0721 29.5287
 14.9611 29.2253
 14.8942 28.9774
 14.8671 28.7804
 14.8665 28.6184
 14.8779 28.47
 14.8903 28.3168
 14.897 28.1483
 14.8927 27.9632
 14.8736 27.7654
 14.8399 27.5602
 14.7992 27.3534
 14.7649 27.1518
 14.7502 26.9626
 14.76 26.7912
 14.7879 26.6381
 14.8195 26.498
 14.8412 26.3634
 14.8464 26.2278
 14.8367 26.0881
 14.8165 25.9439
 14.7892 25.7962
 14.7553 25.6476
 14.7139 25.5023
 14.6643 25.3641
 14.6072 25.2338
 14.5454 25.109
 14.4837 24.986
 14.4267 24.8634
 14.3768 24.7424
 14.3317 24.6256
 14.2859 24.5146
 14.2338 24.4097
 14.1731 24.3104
 14.1048 24.2158
 14.0326 24.124
94 32 43
 5.01616 32.0918
 5.35643 32.0553
 5.68939 32.0296
 6.02195 32.027
 6.37476 32.0584
 6.7653 32.127
 7.1883 32.224
 7.61117 32.3327
 7.98918 32.4379
 8.2883 32.5352
 8.4985 32.632
 8.63145 32.7399
 8.70979 32.8652
 8.7573 33.0038
 8.79344 33.1436
 8.83052 33.2724
 8.87212 33.3842
 8.91345 33.4803
 8.94435 33.5656
 8.95427 33.6463
 8.93766 33.7291
 8.89712 33.8221
 8.84263 33.9333
 8.78727 34.067
 8.74227 34.2206
 8.71469 34.3853
 8.70848 34.5492
 8.7267 34.7024
 8.77222 34.8394
 8.8466 34.9595
 8.94916 35.0657
 9.07789 35.1627
 9.23037 35.2549
 9.40264 35.3443
 9.58679 35.43
 9.77051 35.5091
 9.93994 35.5799
 10.0832 35.6449
 10.1922 35.71
 10.2633 35.7801
 10.2978 35.8561
 10.3033 35.9355
 10.2927 36.016
94 30 3
 5.01616 32.0918
 4.89231 32.1518
 4.76857 32.2117
95 32 54
 7.78976 28.7947
 8.00963 29.1292
 8.20362 29.4439
 8.35358 29.7282
 8.45367 29.983
 8.51024 30.2153
 8.53736 30.4306
 8.55126 30.6297
 8.56622 30.8112
 8.59262 30.9766
 8.63589 31.1309
 8.69537 31.2793
 8.76373 31.4218
 8.82829 31.5544
 8.87491 31.6746
 8.89348 31.785
 8.88242 31.8927
 8.84942 32.0042
 8.8079 32.1225
 8.77118 32.2479
 8.74773 32.3805
 8.73952 32.5218
 8.74359 32.6726
 8.75563 32.8305
 8.77353 32.989
 8.79831 33.1384
 8.83172 33.2709
 8.87235 33.3839
 8.91349 33.4802
 8.94435 33.5656
 8.95427 33.6463
 8.93766 33.7291
 8.89712 33.8221
 8.84263 33.9333
 8.78727 34.067
 8.74227 34.2206
 8.71469 34.3853
 8.70848 34.5492
 8.7267 34.7024
 8.77222 34.8394
 8.8466 34.9595
 8.94916 35.0657
 9.07789 35.1627
 9.23037 35.2549
 9.40264 35.3443
 9.58679 35.43
 9.77051 35.5091
 9.93994 35.5799
 10.0832 35.6449
 10.1922 35.71
 10.2633 35.7801
 10.2978 35.8561
 10.3033 35.9355
 10.2927 36.016
95 7 6
 7.78976 28.7947
 7.83455 28.5295
 7.88144 28.2759
 7.93106 28.0412
 7.98252 27.8258
 8.0347 27.6223
96 29 25
 1.53827 38.1711
 1.70484 38.3791
 1.85844 38.5881
 1.99069 38.7973
 2.10071 39.0036
 2.19528 39.2047
 2.28611 39.4002
 2.38451 39.59
 2.49585 39.7701
 2.61718 39.9279
 2.74013 40.042
 2.85642 40.0907
 2.96155 40.0634
 3.05429 39.9672
 3.13416 39.8248
 3.20047 39.6643
 3.25309 39.5106
 3.29327 39.3796
 3.32319 39.2758
 3.3448 39.1951
 3.35911 39.1283
 3.36646 39.0672
 3.36726 39.0075
 3.36277 38.9482
 3.35527 38.8892
96 18 9
 1.53827 38.1711
 1.29745 38.0896
 1.0873 38.0268
 0.929682 37.9961
 0.832505 38.0017
 0.789974 38.0392
 0.787575 38.0988
 0.808882 38.17
 0.840389 38.2457
97 14 10
 4.21958 36.8511
 4.21592 36.5338
 4.18276 36.233
 4.10424 35.9613
 3.98512 35.7256
 3.8473 35.5292
 3.71797 35.3723
 3.61622 35.2517
 3.54553 35.1595
 3.49458 35.0829
97 29 23
 4.21958 36.8511
 4.24534 37.1702
 4.2659 37.4585
 4.27413 37.6973
 4.26383 37.884
 4.23572 38.0275
 4.19962 38.1409
 4.1695 38.2357
 4.15471 38.319
 4.15458 38.3943
 4.15956 38.4636
 4.15692 38.5286
 4.1365 38.5904
 4.09322 38.6478
 4.02641 38.6963
 3.93796 38.7308
 3.83196 38.7504
 3.71608 38.7607
 3.60231 38.771
 3.50436 38.7888
 3.43191 38.8162
 3.38546 38.851
 3.35527 38.8892
98 3 145
 16.705 45.2858
 16.7623 45.329
 16.8073 45.3867
 16.8348 45.4689
 16.8484 45.5779
 16.857 45.7084
 16.8694 45.8495
 16.8913 45.9887
 16.9266 46.116
 16.9793 46.2252
 17.0538 46.3136
 17.1535 46.3793
 17.2773 46.4196
 17.4186 46.4302
 17.5662 46.409
 17.7093 46.3592
 17.8406 46.2907
 17.9592 46.2177
 18.0684 46.1527
 18.173 46.1015
 18.2754 46.063
 18.3755 46.0327
 18.4719 46.0071
 18.5654 45.9849
 18.659 45.9673
 18.7558 45.9559
 18.8562 45.9518
 18.9569 45.9551
 19.0522 45.9649
 19.138 45.9798
 19.2125 45.9986
 19.277 46.0207
 19.3337 46.0458
 19.3847 46.0724
 19.432 46.0978
 19.4775 46.1187
 19.5231 46.1321
 19.5696 46.137
 19.6173 46.1338
 19.6657 46.123
 19.7147 46.1046
 19.7646 46.0786
 19.8157 46.0466
 19.8684 46.0125
 19.9232 45.9824
 19.9809 45.9618
 20.0421 45.9542
 20.1062 45.9594
 20.1714 45.9744
 20.2343 45.9965
 20.2911 46.0249
 20.3393 46.0608
 20.3795 46.1051
 20.4161 46.1562
 20.4554 46.2088
 20.5027 46.256
 20.5593 46.2911
 20.6221 46.311
 20.6854 46.3171
 20.7443 46.3147
 20.7972 46.3088
 20.8456 46.2998
 20.8923 46.2823
 20.9397 46.2489
 20.9884 46.1963
 21.0376 46.1281
 21.0864 46.0536
 21.1349 45.983
 21.1842 45.923
 21.2355 45.8758
 21.2883 45.8394
 21.3398 45.8096
 21.3847 45.7816
 21.4175 45.7506
 21.4356 45.7125
 21.4414 45.6643
 21.4415 45.605
 21.4438 45.5352
 21.4542 45.4563
 21.476 45.3706
 21.5098 45.2809
 21.5543 45.1915
 21.6069 45.1076
 21.664 45.0336
 21.7219 44.9722
 21.778 44.9242
 21.8316 44.8896
 21.8832 44.8688
 21.9337 44.8623
 21.9832 44.8702
 22.0314 44.8911
 22.0783 44.9214
 22.1241 44.9564
 22.1698 44.9911
 22.216 45.0211
 22.2634 45.044
 22.3125 45.0589
 22.364 45.0667
 22.4184 45.0699
 22.475 45.0727
 22.5322 45.0798
 22.5879 45.0957
 22.6401 45.1217
 22.688 45.1543
 22.7318 45.1851
 22.7725 45.204
 22.8113 45.2042
 22.8491 45.186
 22.8864 45.1564
 22.9235 45.1259
 22.9603 45.1039
 22.9961 45.0963
 23.0306 45.1044
 23.0644 45.125
 23.1001 45.1523
 23.1412 45.1787
 23.1902 45.197
 23.247 45.2015
 23.3072 45.1888
 23.3646 45.1585
 23.4139 45.1137
 23.4546 45.0603
 23.4912 45.0057
 23.5318 44.9559
 23.5829 44.914
 23.6462 44.8804
 23.719 44.8536
 23.7968 44.8316
 23.8768 44.8126
 23.9582 44.7947
 24.0413 44.7772
 24.1255 44.7606
 24.2092 44.7466
 24.29 44.7377
 24.3659 44.735
 24.4353 44.7371
 24.4968 44.7405
 24.5488 44.7409
 24.5901 44.7352
 24.6208 44.7232
 24.6433 44.707
 24.6611 44.6899
 24.6772 44.6743
 24.6933 44.6608
 24.7097 44.6487
98 24 81
 16.705 45.2858
 16.5881 45.3091
 16.4739 45.3446
 16.3665 45.3999
 16.2704 45.4748
 16.1884 45.561
 16.1198 45.646
 16.0602 45.7187
 16.0035 45.7728
 15.9451 45.8072
 15.883 45.8227
 15.8174 45.8206
 15.7491 45.8023
 15.6788 45.7705
 15.6068 45.7294
 15.534 45.6848
 15.4616 45.642
 15.3908 45.6047
 15.3231 45.5742
 15.2588 45.5496
 15.1984 45.5276
 15.1424 45.5029
 15.0921 45.4704
 15.0489 45.4279
 15.0124 45.3777
 14.9801 45.3263
 14.9485 45.2815
 14.9148 45.2493
 14.878 45.2311
 14.8384 45.2239
 14.7969 45.2227
 14.7541 45.2228
 14.7098 45.2224
 14.6629 45.2223
 14.6126 45.2243
 14.5588 45.2297
 14.503 45.2387
 14.4473 45.2501
 14.3936 45.2624
 14.3426 45.274
 14.2947 45.2845
 14.2501 45.2952
 14.2093 45.3089
 14.1729 45.3293
 14.1398 45.3592
 14.1073 45.3999
 14.0725 45.4516
 14.0347 45.5131
 13.9978 45.5824
 13.969 45.6552
 13.9551 45.7266
 13.9588 45.7919
 13.978 45.8492
 14.0073 45.8989
 14.041 45.9431
 14.0748 45.9843
 14.106 46.0247
 14.1323 46.0661
 14.1516 46.1095
 14.1612 46.1549
 14.1592 46.2009
 14.1441 46.2455
 14.1154 46.2861
 14.0735 46.3207
 14.0199 46.3484
 13.9576 46.3703
 13.8911 46.3893
 13.8259 46.4088
 13.7675 46.4322
 13.7205 46.461
 13.6873 46.4956
 13.667 46.5343
 13.655 46.574
 13.6444 46.6114
 13.6291 46.6442
 13.6075 46.6723
 13.5834 46.6979
 13.5636 46.7248
 13.5541 46.7559
 13.556 46.7921
 13.5654 46.8317
99 32 25
 12.4086 37.9878
 12.3489 37.6647
 12.2869 37.385
 12.2203 37.1751
 12.1468 37.0384
 12.0654 36.9604
 11.9762 36.9205
 11.8808 36.9003
 11.781 36.8865
 11.6779 36.87
 11.5721 36.8474
 11.4647 36.8206
 11.3583 36.7964
 11.2567 36.7809
 11.1633 36.7741
 11.0785 36.7681
 10.9994 36.7511
 10.921 36.7142
 10.8391 36.6544
 10.7519 36.5737
 10.6604 36.476
 10.5669 36.3661
 10.4738 36.25
 10.3825 36.1325
 10.2927 36.016
99 13 28
 12.4086 37.9878
 12.7162 38.2333
 13.0226 38.4441
 13.3256 38.601
 13.6234 38.7043
 13.9166 38.7658
 14.2068 38.7986
 14.4914 38.8128
 14.761 38.818
 15.0021 38.8253
 15.2051 38.8449
 15.3701 38.8817
 15.5064 38.932
 15.6277 38.9842
 15.7472 39.0223
 15.8752 39.0325
 16.0187 39.0085
 16.1822 38.9538
 16.3656 38.8787
 16.5633 38.7945
 16.7663 38.7085
 16.9671 38.623
 17.1633 38.5373
 17.3559 38.4507
 17.5441 38.3646
 17.7232 38.282
 17.8893 38.2052
 18.0455 38.133
100 2 34
 28.6545 46.8086
 28.862 46.7016
 29.0645 46.6117
 29.262 46.5522
 29.455 46.5306
 29.6368 46.5484
 29.7919 46.6022
 29.9071 46.6839
 29.9811 46.7815
 30.0267 46.8813
 30.061 46.972
 30.0963 47.0481
 30.1376 47.1103
 30.187 47.1641
 30.2474 47.2167
 30.3243 47.2753
 30.4217 47.3458
 30.5394 47.4316
 30.6721 47.534
 30.8132 47.6525
 30.9588 47.7861
 31.1092 47.9318
 31.266 48.0822
 31.4282 48.2266
 31.5894 48.354
 31.7395 48.4588
 31.8675 48.5424
 31.9642 48.6121
 32.0228 48.6776
 32.0398 48.7482
 32.017 48.8304
 31.9623 48.9267
 31.887 49.0352
 31.8025 49.1506
100 41 35
 28.6545 46.8086
 28.4653 46.8919
 28.2692 46.9302
 28.0605 46.9006
 27.8369 46.8124
 27.6026 46.7006
 27.368 46.6069
 27.1439 46.5593
 26.9359 46.5624
 26.7436 46.6008
 26.5649 46.6505
 26.4016 46.6896
 26.2588 46.7052
 26.1398 46.6957
 26.0412 46.6701
 25.9534 46.6442
 25.8662 46.6329
 25.7743 46.644
 25.678 46.6761
 25.5806 46.7213
 25.4847 46.7712
 25.3899 46.82
 25.2932 46.8645
 25.1908 46.9024
 25.0807 46.9307
 24.9639 46.9462
 24.844 46.9487
 24.7254 46.9419
 24.6113 46.9321
 24.5028 46.9247
 24.4002 46.9214
 24.3041 46.92
 24.2157 46.9164
 24.1349 46.9084
 24.0592 46.897
101 35 30
 45.4725 44.5484
 45.4737 44.9047
 45.4681 45.2385
 45.4568 45.5418
 45.4503 45.8223
 45.4592 46.0922
 45.4836 46.3558
 45.5092 46.6061
 45.5156 46.8298
 45.489 47.0145
 45.4294 47.1541
 45.348 47.2494
 45.2586 47.3056
 45.171 47.3307
 45.0891 47.3322
 45.0122 47.316
 44.9367 47.2866
 44.857 47.2478
 44.7674 47.205
 44.6653 47.1654
 44.5536 47.1379
 44.4399 47.1304
 44.3334 47.1467
 44.2406 47.1848
 44.1647 47.2377
 44.1053 47.2971
 44.0609 47.3565
 44.0294 47.4127
 44.0079 47.4658
 43.9919 47.517
101 12 23
 45.4725 44.5484
 45.7032 44.1427
 45.9234 43.7904
 46.1259 43.522
 46.3082 43.3393
 46.472 43.2251
 46.6214 43.1591
 46.7614 43.1257
 46.8967 43.1134
 47.0312 43.111
 47.1684 43.1089
 47.3108 43.1018
 47.4591 43.0936
 47.6108 43.0965
 47.7615 43.1257
 47.9066 43.1905
 48.0429 43.2898
 48.1678 43.4119
 48.2789 43.5406
 48.3749 43.6615
 48.4572 43.7665
 48.5294 43.8554
 48.5965 43.9344
102 52 9
 48.0157 32.3294
 48.1433 32.3028
 48.2382 32.2568
 48.281 32.1826
 48.2713 32.0862
 48.2234 31.9842
 48.1562 31.893
 48.0838 31.82
 48.0119 31.7605
102 38 6
 48.0157 32.3294
 47.6748 32.3317
 47.3744 32.3362
 47.1376 32.344
 46.962 32.3549
 46.823 32.3675
103 50 19
 48.6905 19.4147
 47.9892 19.6005
 47.3676 19.7797
 46.8721 19.961
 46.5049 20.167
 46.2383 20.4189
 46.0379 20.7216
 45.8795 21.0598
 45.7541 21.4073
 45.6626 21.7401
 45.6047 22.0445
 45.5666 22.3177
 45.5157 22.5623
 45.4095 22.7804
 45.2143 22.9729
 44.9236 23.1408
 44.5587 23.2878
 44.1533 23.4197
 43.7337 23.5439
103 40 6
 48.6905 19.4147
 48.9601 18.6358
 49.1874 17.9474
 49.3492 17.4041
 49.4491 17.0045
 49.5126 16.6928
104 28 7
 43.9293 24.2897
 44.0163 24.3952
 44.1089 24.4957
 44.2062 24.5886
 44.3003 24.6746
 44.385 24.7558
 44.4615 24.8348
104 50 6
 43.9293 24.2897
 43.8972 24.0843
 43.8617 23.901
 43.8217 23.7525
 43.7784 23.6379
 43.7337 23.5439
105 47 8
 39.3479 31.5344
 38.6157 31.5117
 37.9645 31.5069
 37.4475 31.5302
 37.078 31.5799
 36.8356 31.6463
 36.6819 31.7187
 36.5726 31.7915
105 17 4
 39.3479 31.5344
 39.5787 31.4332
 39.8022 31.3329
 40.0186 31.2336
106 43 32
 35.0989 31.9063
 34.8503 31.5081
 34.6607 31.1266
 34.5662 30.7698
 34.5697 30.4372
 34.6488 30.1252
 34.7706 29.8298
 34.9052 29.5451
 35.0315 29.2622
 35.1383 28.9734
 35.2238 28.6777
 35.2955 28.3811
 35.368 28.091
 35.4569 27.8098
 35.5707 27.5343
 35.705 27.2609
 35.8456 26.9906
 35.9765 26.7311
 36.0886 26.4928
 36.1818 26.2834
 36.262 26.1027
 36.3356 25.9422
 36.4072 25.7891
 36.479 25.6322
 36.5522 25.4657
 36.6277 25.2912
 36.7071 25.1155
 36.7915 24.9484
 36.8805 24.7983
 36.9725 24.6696
 37.0652 24.5605
 37.1577 24.463
106 47 8
 35.0989 31.9063
 35.44 32.0179
 35.7475 32.0845
 36.0009 32.0861
 36.1973 32.0337
 36.3474 31.9543
 36.4672 31.8709
 36.5726 31.7915
107 47 8
 35.7244 32.8885
 35.861 32.6746
 35.9963 32.4685
 36.1279 32.2793
 36.2524 32.1158
 36.3673 31.9832
 36.4729 31.8789
 36.5726 31.7915
107 4 6
 35.7244 32.8885
 35.5679 33.0259
 35.4231 33.1468
 35.2983 33.241
 35.1941 33.3085
 35.1032 33.3594
108 3 104
 25.8429 37.5883
 25.5902 37.867
 25.3558 38.1302
 25.1457 38.3683
 24.9515 38.5781
 24.7597 38.759
 24.5609 38.9099
 24.3513 39.0287
 24.1268 39.1152
 23.8821 39.1745
 23.6172 39.218
 23.3466 39.2617
 23.0986 39.3218
 22.9034 39.4109
 22.7766 39.5375
 22.7121 39.7072
 22.6869 39.9227
 22.6715 40.1811
 22.6402 40.4708
 22.5768 40.7735
 22.4793 41.0693
 22.3611 41.3428
 22.2472 41.5866
 22.1632 41.8029
 22.1239 42.0024
 22.1269 42.1997
 22.1552 42.4056
 22.1874 42.6207
 22.2084 42.8357
 22.2153 43.0382
 22.216 43.2198
 22.2207 43.3791
 22.2335 43.5193
 22.2484 43.6446
 22.2518 43.7587
 22.2302 43.8656
 22.1778 43.9698
 22.0994 44.0745
 22.0075 44.1806
 21.9168 44.2862
 21.8399 44.3889
 21.7857 44.4869
 21.759 44.5782
 21.76 44.6595
 21.7847 44.7266
 21.8258 44.7768
 21.8757 44.8118
 21.9285 44.8374
 21.9806 44.861
 22.0305 44.8882
 22.078 44.9207
 22.1241 44.9563
 22.1698 44.9911
 22.216 45.0211
 22.2634 45.044
 22.3125 45.0589
 22.364 45.0667
 22.4184 45.0699
 22.475 45.0727
 22.5322 45.0798
 22.5879 45.0957
 22.6401 45.1217
 22.688 45.1543
 22.7318 45.1851
 22.7725 45.204
 22.8113 45.2042
 22.8491 45.186
 22.8864 45.1564
 22.9235 45.1259
 22.9603 45.1039
 22.9961 45.0963
 23.0306 45.1044
 23.0644 45.125
 23.1001 45.1523
 23.1412 45.1787
 23.1902 45.197
 23.247 45.2015
 23.3072 45.1888
 23.3646 45.1585
 23.4139 45.1137
 23.4546 45.0603
 23.4912 45.0057
 23.5318 44.9559
 23.5829 44.914
 23.6462 44.8804
 23.719 44.8536
 23.7968 44.8316
 23.8768 44.8126
 23.9582 44.7947
 24.0413 44.7772
 24.1255 44.7606
 24.2092 44.7466
 24.29 44.7377
 24.3659 44.735
 24.4353 44.7371
 24.4968 44.7405
 24.5488 44.7409
 24.5901 44.7352
 24.6208 44.7232
 24.6433 44.707
 24.6611 44.6899
 24.6772 44.6743
 24.6933 44.6608
 24.7097 44.6487
108 21 13
 25.8429 37.5883
 25.9801 37.3728
 26.1192 37.197
 26.2699 37.0821
 26.4512 37.0254
 26.6818 37.0078
 26.9666 37.0075
 27.2883 37.0093
 27.6121 37.0063
 27.9008 36.9975
 28.1323 36.984
 28.3079 36.9674
 28.4497 36.9493
109 10 54
 27.4143 23.9819
 26.7554 23.7651
 26.163 23.6307
 25.6758 23.6315
 25.2985 23.7786
 25.0153 24.0478
 24.8067 24.3951
 24.6548 24.7716
 24.5401 25.1365
 24.4404 25.4653
 24.3353 25.7534
 24.2115 26.0118
 24.061 26.2591
 23.8765 26.513
 23.6467 26.7837
 23.3577 27.0707
 22.9987 27.3645
 22.5727 27.6532
 22.1057 27.9293
 21.6444 28.1958
 21.2392 28.4665
 20.9214 28.7624
 20.6921 29.1014
 20.5292 29.4849
 20.4027 29.8872
 20.2869 30.2602
 20.1621 30.5527
 20.0142 30.7335
 19.8346 30.8016
 19.6234 30.7825
 19.3897 30.717
 19.1473 30.6493
 18.9101 30.6178
 18.6893 30.6445
 18.4946 30.7303
 18.336 30.8582
 18.2227 31.0049
 18.1594 31.1528
 18.1408 31.2961
 18.1491 31.4379
 18.1557 31.5834
 18.1313 31.7344
 18.0598 31.8884
 17.9497 32.0422
 17.8334 32.1966
 17.7556 32.355
 17.7563 32.5176
 17.8577 32.6755
 18.0577 32.8103
 18.3287 32.9025
 18.6262 32.9405
 18.9056 32.9257
 19.1438 32.8706
 19.3495 32.7943
109 43 33
 27.4143 23.9819
 27.9975 24.3062
 28.6299 24.633
 29.3473 24.9598
 30.1551 25.2773
 31.0166 25.574
 31.863 25.8475
 32.6241 26.1122
 33.2606 26.3904
 33.7745 26.6934
 34.1928 27.0057
 34.5429 27.2866
 34.8402 27.4892
 35.0931 27.5803
 35.3103 27.5525
 35.503 27.4221
 35.6784 27.2192
 35.8369 26.9777
 35.9742 26.7279
 36.0881 26.4922
 36.1817 26.2833
 36.262 26.1027
 36.3356 25.9422
 36.4072 25.7891
 36.479 25.6322
 36.5522 25.4657
 36.6277 25.2912
 36.7071 25.1155
 36.7915 24.9484
 36.8805 24.7983
 36.9725 24.6696
 37.0652 24.5605
 37.1577 24.463
110 0 27
 38.8717 2.86308
 39.4793 2.53212
 40.0385 2.2865
 40.5271 2.19003
 40.9502 2.26766
 41.3209 2.49898
 41.6419 2.8279
 41.9042 3.18606
 42.0986 3.51902
 42.2249 3.80275
 42.2946 4.0432
 42.3263 4.26186
 42.3393 4.47741
 42.3481 4.69475
 42.3595 4.90633
 42.3735 5.10144
 42.3895 5.27503
 42.4118 5.43004
 42.453 5.57481
 42.5308 5.7204
 42.6624 5.87962
 42.8543 6.06458
 43.0956 6.28039
 43.3573 6.51943
 43.6048 6.76397
 43.8173 6.99849
 44.0015 7.22135
110 55 9
 38.8717 2.86308
 38.3754 3.23123
 37.9406 3.60151
 37.6029 3.96755
 37.365 4.31288
 37.2079 4.61777
 37.107 4.87002
 37.0409 5.07288
 36.9914 5.24594
111 49 50
 30.5628 12.1601
 30.4782 12.7101
 30.3897 13.1926
 30.3158 13.5762
 30.3036 13.8743
 30.4117 14.1239
 30.6753 14.3557
 31.0789 14.5795
 31.5589 14.7895
 32.0367 14.98
 32.457 15.1557
 32.8064 15.3301
 33.1062 15.5147
 33.3932 15.7111
 33.7062 15.9093
 34.0802 16.0938
 34.54 16.2495
 35.0876 16.3607
 35.6923 16.4016
 36.3 16.3326
 36.8644 16.1118
 37.3745 15.7192
 37.8519 15.1751
 38.315 14.5338
 38.742 13.8557
 39.0721 13.1768
 39.2485 12.5005
 39.2686 11.8149
 39.1998 11.1225
 39.145 10.456
 39.1908 9.86866
 39.3768 9.40762
 39.6991 9.0925
 40.1264 8.91064
 40.6129 8.82845
 41.1058 8.80975
 41.5569 8.83146
 41.9343 8.88952
 42.2235 8.99294
 42.4211 9.15056
 42.5271 9.35974
 42.5437 9.60435
 42.4779 9.86077
 42.3436 10.1048
 42.1619 10.3147
 41.9583 10.4717
 41.7582 10.5641
 41.5795 10.5919
 41.4266 10.5687
 41.2907 10.5178
111 44 7
 30.5628 12.1601
 30.4343 11.8548
 30.2841 11.5909
 30.1016 11.3888
 29.8907 11.2433
 29.6631 11.1349
 29.4292 11.0432
112 44 40
 20.9547 7.4823
 21.1897 7.67645
 21.4407 7.87238
 21.7165 8.06539
 22.0153 8.24302
 22.3241 8.3903
 22.6233 8.49804
 22.8928 8.56834
 23.1182 8.61414
 23.2948 8.65363
 23.4287 8.70368
 23.5332 8.7758
 23.6238 8.876
 23.7144 9.00666
 23.8153 9.16783
 23.9349 9.35586
 24.081 9.55971
 24.2614 9.75836
 24.4813 9.92337
 24.7402 10.0274
 25.0323 10.0542
 25.3512 10.0041
 25.692 9.89326
 26.0504 9.75002
 26.4161 9.61229
 26.7706 9.52224
 27.0915 9.51525
 27.3613 9.60607
 27.5754 9.78168
 27.7443 10.0058
 27.8907 10.2322
 28.0411 10.4204
 28.2161 10.5473
 28.4211 10.6142
 28.6443 10.6436
 28.8631 10.6681
 29.0559 10.7153
 29.211 10.7978
 29.3307 10.9117
 29.4292 11.0432
112 27 14
 20.9547 7.4823
 20.3611 7.65873
 19.7656 7.82182
 19.18 7.96031
 18.6339 8.06646
 18.1635 8.13663
 17.7955 8.17069
 17.535 8.17133
 17.3668 8.14392
 17.2654 8.09674
 17.2062 8.04012
 17.1702 7.98372
 17.1458 7.93297
 17.1261 7.88724
113 42 12
 45.6583 9.18358
 45.8651 8.95584
 46.0569 8.74965
 46.2305 8.57716
 46.3967 8.43751
 46.5693 8.32019
 46.7528 8.21229
 46.9384 8.10477
 47.1103 7.99494
 47.2565 7.88469
 47.3758 7.77659
 47.4783 7.67082
113 33 7
 45.6583 9.18358
 45.5555 9.44546
 45.4501 9.66636
 45.342 9.82241
 45.234 9.91317
 45.129 9.95558
 45.0269 9.97348
114 46 5
 48.8278 12.864
 48.7371 13.1241
 48.662 13.3556
 48.6086 13.5467
 48.5704 13.7094
114 8 3
 48.8278 12.864
 48.9682 12.581
 49.1083 12.2985
115 25 11
 48.6364 8.52529
 48.8253 8.76392
 48.9968 8.98701
 49.1379 9.1852
 49.2439 9.35578
 49.3194 9.49852
 49.3757 9.61213
 49.4255 9.69497
 49.4775 9.74814
 49.5343 9.77766
 49.5945 9.79408
115 42 7
 48.6364 8.52529
 48.3943 8.24664
 48.1655 8.00789
 47.9594 7.83476
 47.7793 7.7321
 47.6221 7.68603
 47.4783 7.67082
116 31 28
 49.7405 7.22054
 49.7313 6.929
 49.7302 6.63863
 49.74 6.34791
 49.7562 6.05289
 49.7686 5.75132
 49.767 5.44807
 49.7478 5.15712
 49.7155 4.89675
 49.6788 4.68001
 49.6451 4.50687
 49.6164 4.3642
 49.588 4.23311
 49.5494 4.09848
 49.4895 3.9549
 49.4044 3.80636
 49.3051 3.66064
 49.2173 3.52215
 49.1691 3.38801
 49.175 3.25033
 49.2275 3.10228
 49.3028 2.94316
 49.3759 2.77878
 49.4343 2.61828
 49.4799 2.4703
 49.5222 2.3402
 49.5681 2.22781
 49.6183 2.12654
116 42 10
 49.7405 7.22054
 49.3423 7.3366
 48.979 7.44213
 48.6681 7.52779
 48.4061 7.58764
 48.1791 7.62184
 47.9761 7.63766
 47.7934 7.64627
 47.6296 7.65662
 47.4783 7.67082
123 31 3
 49.6688 2.11216
 49.6435 2.11935
 49.6183 2.12654
124 41 29
 24.6332 49.9814
 24.6465 49.7282
 24.68 49.4977
 24.7494 49.303
 24.8608 49.1427
 25.0089 49.0034
 25.1764 48.8654
 25.3382 48.7106
 25.4676 48.5295
 25.544 48.3239
 25.5588 48.1057
 25.5171 47.8911
 25.4352 47.6938
 25.3351 47.5218
 25.2372 47.3775
 25.1546 47.2606
 25.0893 47.169
 25.0331 47.0994
 24.9736 47.0474
 24.9009 47.0081
 24.8124 46.9774
 24.7122 46.9532
 24.6068 46.9358
 24.5016 46.9257
 24.3999 46.9216
 24.3041 46.92
 24.2157 46.9164
 24.1349 46.9084
 24.0592 46.897
125 25 6
 49.9855 9.55823
 49.8908 9.60255
 49.8019 9.64808
 49.7231 9.69539
 49.6552 9.74429
 49.5945 9.79408
126 0 28
 40.2996 0.325308
 40.3386 0.603228
 40.4116 0.891785
 40.546 1.20277
 40.7546 1.54751
 41.0288 1.93124
 41.3383 2.34618
 41.6419 2.76891
 41.9023 3.16716
 42.0977 3.51415
 42.2247 3.80178
 42.2946 4.04306
 42.3263 4.26185
 42.3393 4.47741
 42.3481 4.69475
 42.3595 4.90633
 42.3735 5.10144
 42.3895 5.27503
 42.4118 5.43004
 42.453 5.57481
 42.5308 5.7204
 42.6624 5.87962
 42.8543 6.06458
 43.0956 6.28039
 43.3573 6.51943
 43.6048 6.76397
 43.8173 6.99849
 44.0015 7.22135
127 45 11
 6.7235 0.0266564
 6.84269 0.39971
 6.94961 0.759496
 7.02928 1.09018
 7.06769 1.37623
 7.05965 1.6084
 7.01304 1.78648
 6.94487 1.91694
 6.87228 2.00924
 6.80504 2.07439
 6.74353 2.12519
128 45 24
 1.93325 0.753297
 2.07648 1.52099
 2.23646 2.26201
 2.43063 2.93315
 2.67637 3.47709
 2.98602 3.84078
 3.35894 3.99376
 3.77757 3.93726
 4.21404 3.70414
 4.64361 3.34987
 5.05387 2.93708
 5.44231 2.52226
 5.80668 2.15143
 6.13874 1.86019
 6.42609 1.67037
 6.65778 1.58452
 6.82708 1.58615
 6.93159 1.64792
 6.97417 1.74158
 6.96516 1.84386
 6.92185 1.93833
 6.86308 2.01604
 6.8022 2.07614
 6.74353 2.12519
129 54 30
 0.127484 9.59691
 0.168803 9.62785
 0.217993 9.67795
 0.28077 9.75836
 0.359671 9.86772
 0.454309 9.99344
 0.562214 10.1183
 0.679704 10.2291
 0.802697 10.3239
 0.927386 10.4125
 1.05057 10.5132
 1.16981 10.6439
 1.28414 10.8141
 1.39502 11.0195
 1.50676 11.242
 1.62558 11.4575
 1.75858 11.6448
 1.91358 11.7939
 2.09871 11.9068
 2.31943 11.9949
 2.57282 12.0721
 2.84375 12.1489
 3.10761 12.2299
 3.33968 12.3134
 3.52526 12.3941
 3.66405 12.4652
 3.76663 12.5209
 3.84696 12.5589
 3.9164 12.5812
 3.98184 12.5944
130 45 30
 0.45814 4.72246
 0.55018 4.74673
 0.653276 4.7604
 0.778002 4.75282
 0.933007 4.71519
 1.12261 4.64432
 1.34522 4.54644
 1.59516 4.43836
 1.8683 4.34347
 2.16756 4.28115
 2.50261 4.25192
 2.88221 4.22761
 3.3044 4.158
 3.75315 3.99528
 4.205 3.72076
 4.64095 3.35361
 5.05327 2.93771
 5.44221 2.52233
 5.80667 2.15143
 6.13873 1.86019
 6.42609 1.67037
 6.65778 1.58452
 6.82708 1.58615
 6.93159 1.64792
 6.97417 1.74158
 6.96516 1.84386
 6.92185 1.93833
 6.86308 2.01604
 6.8022 2.07614
 6.74353 2.12519
131 41 36
 28.3698 47.6518
 28.3207 47.5247
 28.252 47.3869
 28.148 47.2314
 28.0004 47.0595
 27.8114 46.884
 27.5937 46.7277
 27.3655 46.6153
 27.1433 46.5614
 26.9358 46.5628
 26.7436 46.6009
 26.5649 46.6505
 26.4016 46.6896
 26.2588 46.7052
 26.1398 46.6957
 26.0412 46.6701
 25.9534 46.6442
 25.8662 46.6329
 25.7743 46.644
 25.678 46.6761
 25.5806 46.7213
 25.4847 46.7712
 25.3899 46.82
 25.2932 46.8645
 25.1908 46.9024
 25.0807 46.9307
 24.9639 46.9462
 24.844 46.9487
 24.7254 46.9419
 24.6113 46.9321
 24.5028 46.9247
 24.4002 46.9214
 24.3041 46.92
 24.2157 46.9164
 24.1349 46.9084
 24.0592 46.897
132 40 3
 49.5705 16.6051
 49.5415 16.6489
 49.5126 16.6928
133 31 21
 49.6563 4.67284
 49.6465 4.59474
 49.6354 4.51438
 49.6225 4.42861
 49.6067 4.33301
 49.5846 4.22288
 49.5485 4.0958
 49.4893 3.95436
 49.4043 3.80628
 49.3051 3.66064
 49.2173 3.52215
 49.1691 3.38801
 49.175 3.25033
 49.2275 3.10228
 49.3028 2.94316
 49.3759 2.77878
 49.4343 2.61828
 49.4799 2.4703
 49.5222 2.3402
 49.5681 2.22781
 49.6183 2.12654
134 2 4
 31.5936 48.9615
 31.6661 49.0271
 31.7357 49.0901
 31.8025 49.1506
135 48 11
 16.5672 0.658628
 16.643 1.15624
 16.721 1.69123
 16.793 2.26508
 16.8433 2.83772
 16.8593 3.35374
 16.841 3.77533
 16.7982 4.09641
 16.7432 4.33502
 16.6847 4.51865
 16.6259 4.6754
136 16 6
 2.59345 49.1694
 2.7151 48.9762
 2.82692 48.7901
 2.92134 48.6181
 2.99653 48.4637
 3.05891 48.3218
137 12 18
 49.2182 48.4868
 49.3044 47.9747
 49.3561 47.5079
 49.3461 47.1178
 49.262 46.8109
 49.1117 46.5647
 48.9216 46.3382
 48.7283 46.0912
 48.5669 45.8045
 48.4611 45.486
 48.4179 45.1627
 48.4282 44.864
 48.4722 44.6097
 48.5265 44.4064
 48.5718 44.249
 48.5975 44.1264
 48.6031 44.0254
 48.5965 43.9344
138 9 9
 21.484 0.0424115
 21.2595 0.0833219
 21.0382 0.130123
 20.8337 0.183571
 20.6692 0.237901
 20.5649 0.284096
 20.5262 0.315333
 20.5404 0.330907
 20.5833 0.336663
139 52 18
 49.8739 34.2031
 49.7537 34.0493
 49.6307 33.8838
 49.5032 33.6985
 49.3722 33.493
 49.2399 33.2784
 49.1092 33.0741
 48.9826 32.8977
 48.8617 32.7546
 48.7474 32.6347
 48.6394 32.5203
 48.5368 32.3972
 48.4381 32.2626
 48.3424 32.1257
 48.2506 32.0006
 48.1648 31.8986
 48.0859 31.8216
 48.0119 31.7605
140 9 14
 22.1901 0.106884
 22.111 0.103977
 22.015 0.10087
 21.8895 0.0978705
 21.7283 0.0967362
 21.5317 0.101452
 21.3073 0.117379
 21.0721 0.148153
 20.8524 0.192112
 20.6774 0.241405
 20.5678 0.285299
 20.527 0.315665
 20.5406 0.330977
 20.5833 0.336663
141 41 41
 21.05 49.9164
 21.1632 49.8681
 21.2743 49.8141
 21.3843 49.752
 21.4981 49.6845
 21.6237 49.6191
 21.7694 49.5648
 21.9418 49.5274
 22.1412 49.5031
 22.3587 49.4766
 22.575 49.4241
 22.7675 49.3226
 22.9207 49.1605
 23.0351 48.9442
 23.1259 48.6961
 23.2114 48.4449
 23.2996 48.2126
 23.3832 48.0076
 23.4459 47.8264
 23.474 47.662
 23.4637 47.5115
 23.4219 47.3772
 23.3619 47.2622
 23.2996 47.1648
 23.2494 47.0786
 23.2217 46.9963
 23.2201 46.915
 23.2423 46.8378
 23.2828 46.7714
 23.3363 46.7227
 23.399 46.6955
 23.4681 46.6905
 23.5408 46.7047
 23.614 46.7325
 23.6861 46.7668
 23.7567 46.8012
 23.8258 46.8311
 23.8921 46.8548
 23.9535 46.8726
 24.0086 46.8859
 24.0592 46.897
142 12 16
 49.8908 46.7206
 49.663 46.6476
 49.4287 46.5633
 49.1879 46.4519
 48.9512 46.2946
 48.7378 46.0773
 48.5694 45.8009
 48.4616 45.4853
 48.418 45.1626
 48.4282 44.8639
 48.4722 44.6097
 48.5265 44.4064
 48.5718 44.249
 48.5975 44.1264
 48.6031 44.0254
 48.5965 43.9344
143 14 11
 0.0849154 34.5366
 0.403342 34.5661
 0.760314 34.5934
 1.16594 34.623
 1.59647 34.6649
 2.01363 34.7269
 2.38927 34.8069
 2.71572 34.8931
 3.0001 34.971
 3.255 35.033
 3.49458 35.0829
144 53 51
 13.5977 0.0675085
 13.4973 0.274063
 13.3807 0.451356
 13.2375 0.587025
 13.0669 0.691495
 12.8759 0.789923
 12.6731 0.907371
 12.4588 1.05811
 12.2218 1.24431
 11.946 1.46086
 11.6262 1.69999
 11.2798 1.95346
 10.9449 2.21378
 10.6632 2.47614
 10.461 2.73908
 10.3395 3.00203
 10.2803 3.26078
 10.2583 3.5053
 10.2528 3.72243
 10.2524 3.90173
 10.2549 4.03979
 10.2645 4.1406
 10.2877 4.21296
 10.329 4.26753
 10.3875 4.31539
 10.4573 4.36818
 10.5281 4.4381
 10.5875 4.53571
 10.621 4.66561
 10.6149 4.82326
 10.5612 4.99652
 10.4645 5.17148
 10.3455 5.3384
 10.2353 5.4933
 10.1642 5.63539
 10.1503 5.76373
 10.1943 5.87621
 10.2834 5.97089
 10.399 6.04794
 10.5234 6.11043
 10.6436 6.16376
 10.7516 6.21425
 10.8442 6.26776
 10.9222 6.32841
 10.99 6.39727
 11.0532 6.47117
 11.1159 6.54317
 11.1789 6.60509
 11.2402 6.65148
 11.2981 6.68246
 11.353 6.70395
145 24 132
 6.833 49.9836
 6.82021 49.7466
 6.80758 49.503
 6.79165 49.254
 6.76757 49.0115
 6.7364 48.7923
 6.70964 48.6087
 6.70501 48.461
 6.73582 48.3396
 6.80284 48.2314
 6.8948 48.126
 6.99563 48.0163
 7.09209 47.8956
 7.17765 47.7575
 7.25247 47.5999
 7.32125 47.4309
 7.39044 47.2692
 7.46546 47.1369
 7.54869 47.0503
 7.63916 47.0138
 7.73412 47.0206
 7.83121 47.0575
 7.92906 47.1107
 8.02639 47.1702
 8.12137 47.2311
 8.21279 47.2926
 8.30154 47.355
 8.3904 47.4162
 8.48175 47.4723
 8.57543 47.5186
 8.66893 47.5525
 8.75975 47.5747
 8.84725 47.5884
 8.93222 47.5985
 9.01498 47.6104
 9.09447 47.6294
 9.16931 47.6593
 9.23963 47.7016
 9.30756 47.7536
 9.37546 47.8079
 9.44355 47.8538
 9.50939 47.8803
 9.57004 47.8799
 9.62527 47.8508
 9.67856 47.7989
 9.73484 47.7362
 9.79691 47.6777
 9.8639 47.6368
 9.93324 47.6206
 10.004 47.6274
 10.0781 47.6483
 10.1585 47.6721
 10.2457 47.6901
 10.3361 47.6992
 10.424 47.7021
 10.5045 47.7037
 10.5765 47.7068
 10.6419 47.7102
 10.7044 47.7098
 10.7672 47.7022
 10.8322 47.6868
 10.8995 47.6654
 10.9672 47.6399
 11.0333 47.6115
 11.0977 47.582
 11.1635 47.5536
 11.2362 47.5278
 11.3209 47.5034
 11.4187 47.4752
 11.5249 47.437
 11.6295 47.3845
 11.7213 47.3175
 11.7935 47.2399
 11.8468 47.158
 11.8901 47.079
 11.9353 47.0102
 11.9916 46.9567
 12.0623 46.9194
 12.1446 46.894
 12.2332 46.8729
 12.3222 46.8486
 12.4068 46.8165
 12.4832 46.7756
 12.548 46.7276
 12.599 46.6744
 12.6354 46.6172
 12.6601 46.5563
 12.6796 46.4917
 12.7025 46.4229
 12.7357 46.3495
 12.7818 46.2719
 12.839 46.1929
 12.9036 46.1188
 12.9734 46.058
 13.0484 46.0171
 13.1305 45.9973
 13.2204 45.994
 13.3175 45.9994
 13.4193 46.0062
 13.522 46.0107
 13.6216 46.0125
 13.7139 46.013
 13.7964 46.0136
 13.8691 46.0148
 13.9333 46.0173
 13.9909 46.0226
 14.0423 46.0331
 14.0866 46.0514
 14.1221 46.0788
 14.1469 46.1146
 14.1594 46.1566
 14.1586 46.2014
 14.1439 46.2456
 14.1154 46.2862
 14.0735 46.3207
 14.0199 46.3484
 13.9576 46.3703
 13.8911 46.3893
 13.8259 46.4088
 13.7675 46.4322
 13.7205 46.461
 13.6873 46.4956
 13.667 46.5343
 13.655 46.574
 13.6444 46.6114
 13.6291 46.6442
 13.6075 46.6723
 13.5834 46.6979
 13.5636 46.7248
 13.5541 46.7559
 13.556 46.7921
 13.5654 46.8317
146 54 33
 0.40332 16.6006
 0.738683 16.5442
 1.10453 16.4882
 1.51514 16.433
 1.95912 16.379
 2.40311 16.325
 2.80878 16.2634
 3.15243 16.1782
 3.43268 16.0483
 3.662 15.8594
 3.85166 15.6145
 4.0037 15.3337
 4.11343 15.0439
 4.17676 14.7646
 4.19576 14.5029
 4.18063 14.2598
 4.14852 14.0389
 4.11895 13.8489
 4.10725 13.6973
 4.11911 13.5845
 4.1498 13.5022
 4.188 13.4371
 4.22108 13.3775
 4.23895 13.3152
 4.23614 13.2461
 4.21274 13.1684
 4.17428 13.0822
 4.12973 12.99
 4.08762 12.8969
 4.05271 12.8086
 4.02517 12.7292
 4.00247 12.6589
 3.98184 12.5944
147 12 9
 49.6441 42.9799
 49.4979 43.0973
 49.3335 43.2255
 49.1486 43.3657
 48.9619 43.5082
 48.8017 43.6399
 48.6896 43.7533
 48.6274 43.849
 48.5965 43.9344
148 55 14
 34.1248 0.554809
 34.2186 0.693574
 34.3302 0.911172
 34.4862 1.249
 34.7202 1.69741
 35.0556 2.2125
 35.4813 2.74668
 35.9438 3.26731
 36.3663 3.75411
 36.6859 4.1889
 36.8814 4.5542
 36.972 4.84228
 36.9963 5.06345
 36.9914 5.24594
149 16 18
 0.519749 47.7385
 0.588442 47.7194
 0.672433 47.7121
 0.780517 47.7225
 0.912353 47.7485
 1.06141 47.7815
 1.2216 47.8124
 1.39291 47.8373
 1.58141 47.8597
 1.79303 47.8875
 2.0255 47.9268
 2.26472 47.979
 2.48913 48.0402
 2.67908 48.1049
 2.82486 48.1676
 2.92877 48.2248
 3.00181 48.2755
 3.05891 48.3218
150 24 108
 9.43688 49.8235
 9.43937 49.5883
 9.43828 49.3638
 9.43159 49.1607
 9.4198 48.9873
 9.40574 48.8469
 9.3929 48.7371
 9.38373 48.6507
 9.37949 48.5798
 9.38148 48.5177
 9.39177 48.4599
 9.41229 48.403
 9.44295 48.345
 9.48079 48.2853
 9.52106 48.2244
 9.55911 48.1635
 9.5919 48.1025
 9.61886 48.0396
 9.64225 47.9721
 9.66706 47.8985
 9.6994 47.8205
 9.74362 47.7446
 9.79996 47.6804
 9.86474 47.6376
 9.93342 47.6208
 10.004 47.6274
 10.0781 47.6483
 10.1585 47.6721
 10.2457 47.6901
 10.3361 47.6992
 10.424 47.7021
 10.5045 47.7037
 10.5765 47.7068
 10.6419 47.7102
 10.7044 47.7098
 10.7672 47.7022
 10.8322 47.6868
 10.8995 47.6654
 10.9672 47.6399
 11.0333 47.6115
 11.0977 47.582
 11.1635 47.5536
 11.2362 47.5278
 11.3209 47.5034
 11.4187 47.4752
 11.5249 47.437
 11.6295 47.3845
 11.7213 47.3175
 11.7935 47.2399
 11.8468 47.158
 11.8901 47.079
 11.9353 47.0102
 11.9916 46.9567
 12.0623 46.9194
 12.1446 46.894
 12.2332 46.8729
 12.3222 46.8486
 12.4068 46.8165
 12.4832 46.7756
 12.548 46.7276
 12.599 46.6744
 12.6354 46.6172
 12.6601 46.5563
 12.6796 46.4917
 12.7025 46.4229
 12.7357 46.3495
 12.7818 46.2719
 12.839 46.1929
 12.9036 46.1188
 12.9734 46.058
 13.0484 46.0171
 13.1305 45.9973
 13.2204 45.994
 13.3175 45.9994
 13.4193 46.0062
 13.522 46.0107
 13.6216 46.0125
 13.7139 46.013
 13.7964 46.0136
 13.8691 46.0148
 13.9333 46.0173
 13.9909 46.0226
 14.0423 46.0331
 14.0866 46.0514
 14.1221 46.0788
 14.1469 46.1146
 14.1594 46.1566
 14.1586 46.2014
 14.1439 46.2456
 14.1154 46.2862
 14.0735 46.3207
 14.0199 46.3484
 13.9576 46.3703
 13.8911 46.3893
 13.8259 46.4088
 13.7675 46.4322
 13.7205 46.461
 13.6873 46.4956
 13.667 46.5343
 13.655 46.574
 13.6444 46.6114
 13.6291 46.6442
 13.6075 46.6723
 13.5834 46.6979
 13.5636 46.7248
 13.5541 46.7559
 13.556 46.7921
 13.5654 46.8317
151 29 46
 0.502266 43.031
 0.71068 42.9648
 0.903074 42.9049
 1.06975 42.8543
 1.20981 42.8116
 1.3284 42.7711
 1.43095 42.7252
 1.51886 42.6669
 1.5895 42.5932
 1.64003 42.5068
 1.67129 42.4146
 1.68857 42.3224
 1.69904 42.2304
 1.70831 42.1328
 1.71873 42.0212
 1.73026 41.8911
 1.7429 41.7449
 1.75888 41.5915
 1.78313 41.4408
 1.82147 41.2983
 1.8771 41.1624
 1.9472 41.0266
 2.02245 40.8827
 2.09084 40.7243
 2.14466 40.5506
 2.18624 40.37
 2.22803 40.2007
 2.286 40.0684
 2.37061 39.9953
 2.4812 39.9883
 2.6073 40.0299
 2.73515 40.0826
 2.85449 40.1041
 2.96098 40.0669
 3.05416 39.968
 3.13414 39.8249
 3.20047 39.6643
 3.25309 39.5106
 3.29327 39.3796
 3.32319 39.2758
 3.3448 39.1951
 3.35911 39.1283
 3.36646 39.0672
 3.36726 39.0075
 3.36277 38.9482
 3.35527 38.8892
152 19 6
 38.6792 48.9412
 38.9165 48.8902
 39.1408 48.8473
 39.3423 48.8171
 39.519 48.7989
 39.6793 48.7879
