165
57 17 35
 6.83478 9.07644
 6.6946 9.1773
 6.5649 9.26068
 6.45166 9.31579
 6.35321 9.34219
 6.25929 9.34886
 6.15352 9.34934
 6.01881 9.35494
 5.84408 9.36934
 5.62924 9.38751
 5.38572 9.39944
 5.13197 9.39622
 4.88634 9.37423
 4.66123 9.33562
 4.46119 9.28617
 4.28452 9.23259
 4.12638 9.18079
 3.9815 9.13492
 3.84593 9.09636
 3.71804 9.06287
 3.59852 9.02847
 3.48916 8.98495
 3.39079 8.92556
 3.30178 8.84937
 3.21783 8.76348
 3.13312 8.68065
 3.0423 8.61292
 2.94291 8.56519
 2.83731 8.53333
 2.73241 8.50764
 2.63666 8.47886
 2.55595 8.44248
 2.4911 8.39913
 2.43852 8.3519
 2.39235 8.30339
57 25 66
 6.83478 9.07644
 6.84475 8.87158
 6.85104 8.68427
 6.85274 8.52335
 6.85292 8.38652
 6.85774 8.26523
 6.87352 8.15167
 6.90309 8.04288
 6.94346 7.93988
 6.98659 7.84431
 7.02304 7.75587
 7.04597 7.67193
 7.05311 7.58836
 7.04608 7.50035
 7.02836 7.40357
 7.00282 7.2961
 6.96973 7.18062
 6.92577 7.06449
 6.86522 6.95662
 6.78361 6.86249
 6.68243 6.78069
 6.57168 6.70376
 6.46749 6.62239
 6.38613 6.52978
 6.33891 6.42324
 6.33107 6.30304
 6.3632 6.17065
 6.43193 6.0282
 6.52934 5.87984
 6.64391 5.73365
 6.76552 5.60244
 6.89189 5.5015
 7.03075 5.44373
 7.19468 5.4351
 7.39158 5.47331
 7.618 5.54988
 7.85988 5.65294
 8.09939 5.76848
 8.3226 5.88119
 8.52321 5.97681
 8.70167 6.04607
 8.86172 6.08766
 9.00784 6.1072
 9.1447 6.11237
 9.27768 6.10732
 9.41221 6.09049
 9.55176 6.05784
 9.69575 6.00936
 9.8398 5.95362
 9.97834 5.90651
 10.1078 5.88455
 10.2272 5.89764
 10.3364 5.94567
 10.4333 6.02025
 10.5124 6.10908
 10.5667 6.20051
 10.5908 6.28726
 10.5842 6.36894
 10.5532 6.45164
 10.5095 6.54365
 10.4664 6.64913
 10.4341 6.76438
 10.417 6.87971
 10.4139 6.9854
 10.4205 7.07758
 10.432 7.1603
58 42 20
 12.8029 27.1282
 12.535 27.0583
 12.2888 26.983
 12.0787 26.9008
 11.9088 26.8148
 11.775 26.7287
 11.6697 26.6429
 11.5857 26.5545
 11.5172 26.4592
 11.4588 26.3532
 11.4049 26.2347
 11.3496 26.103
 11.2891 25.9589
 11.2226 25.8055
 11.1522 25.6498
 11.081 25.5021
 11.0107 25.3724
 10.9425 25.2658
 10.8762 25.1801
 10.8113 25.1069
58 43 17
 12.8029 27.1282
 12.9642 27.2299
 13.1088 27.3359
 13.2247 27.4483
 13.3078 27.5666
 13.3614 27.6899
 13.3926 27.8185
 13.4086 27.953
 13.4153 28.094
 13.4178 28.2409
 13.4199 28.3941
 13.4235 28.5546
 13.4271 28.7212
 13.4272 28.8889
 13.4207 29.05
 13.4073 29.1994
 13.3896 29.3397
59 11 4
 47.2289 31.9632
 47.1848 31.777
 47.1422 31.6008
 47.101 31.4346
59 37 4
 47.2289 31.9632
 47.643 32.5787
 48.0425 33.1658
 48.4277 33.7246
60 5 6
 22.0832 31.5065
 22.1999 31.5125
 22.3083 31.5377
 22.4028 31.5904
 22.4826 31.6664
 22.5529 31.7545
60 7 6
 22.0832 31.5065
 21.9163 31.6074
 21.7655 31.6919
 21.6405 31.7513
 21.5408 31.7873
 21.4567 31.8097
61 5 24
 18.9312 29.1739
 19.5015 28.9804
 20.0542 28.7611
 20.5711 28.5121
 21.035 28.2591
 21.4317 28.0477
 21.7517 27.9224
 21.9913 27.9078
 22.1544 28.0016
 22.2547 28.1825
 22.3148 28.4251
 22.3606 28.7113
 22.4142 29.0305
 22.4876 29.3735
 22.5791 29.7276
 22.677 30.0787
 22.7665 30.4152
 22.8351 30.7283
 22.8738 31.0086
 22.8758 31.2454
 22.838 31.4319
 22.7643 31.5701
 22.6649 31.6719
 22.5529 31.7545
61 32 9
 18.9312 29.1739
 18.3129 29.3697
 17.7288 29.5217
 17.2064 29.6054
 16.7637 29.6238
 16.4094 29.6018
 16.1415 29.5699
 15.9443 29.5479
 15.7877 29.5372
62 55 58
 26.1286 4.04803
 25.295 3.84152
 24.5253 3.6372
 23.8408 3.42496
 23.2083 3.17968
 22.5695 2.87249
 21.8912 2.49103
 21.1978 2.05409
 20.5601 1.6077
 20.049 1.20376
 19.6935 0.876712
 19.4709 0.634183
 19.3307 0.463681
 19.2247 0.34604
 19.1237 0.265522
 19.0166 0.213091
 18.9029 0.184649
 18.7862 0.177591
 18.6706 0.188581
 18.5597 0.21384
 18.4556 0.250891
 18.359 0.299302
 18.2697 0.358952
 18.1874 0.426921
 18.1117 0.49585
 18.0418 0.555706
 17.976 0.598036
 17.9122 0.619661
 17.8477 0.623293
 17.7803 0.615333
 17.7094 0.603338
 17.6367 0.595054
 17.5666 0.598353
 17.5042 0.620099
 17.4533 0.663664
 17.414 0.727274
 17.3839 0.805129
 17.3594 0.890544
 17.3362 0.978324
 17.3093 1.0645
 17.2735 1.14428
 17.2258 1.21064
 17.1664 1.25559
 17.0987 1.27379
 17.0275 1.2661
 16.9574 1.24059
 16.8921 1.20993
 16.8341 1.18687
 16.7851 1.17994
 16.747 1.1915
 16.7224 1.21846
 16.7148 1.25513
 16.7262 1.29621
 16.755 1.33824
 16.7951 1.37935
 16.8387 1.4185
 16.8802 1.45533
 16.9187 1.49053
62 9 5
 26.1286 4.04803
 25.916 5.21806
 25.6838 6.26528
 25.4242 7.13889
 25.1458 7.8898
63 15 10
 33.6562 4.6598
 33.8402 4.96222
 34.0031 5.23503
 34.132 5.46346
 34.2251 5.65214
 34.2888 5.81743
 34.3318 5.9753
 34.3611 6.13391
 34.3815 6.29436
 34.3973 6.45546
63 50 12
 33.6562 4.6598
 33.242 4.3593
 32.8037 4.07831
 32.3337 3.83123
 31.8506 3.61951
 31.3956 3.4244
 31.0156 3.20852
 30.7407 2.93164
 30.571 2.5727
 30.4816 2.14054
 30.4391 1.6633
 30.4158 1.16814
64 17 20
 3.84206 10.27
 3.6283 10.078
 3.44762 9.88932
 3.32183 9.70618
 3.25482 9.53001
 3.23332 9.36177
 3.23421 9.20232
 3.23444 9.05266
 3.21836 8.91472
 3.17957 8.79245
 3.11827 8.6915
 3.03752 8.61627
 2.94168 8.56601
 2.83707 8.53348
 2.73237 8.50766
 2.63666 8.47886
 2.55595 8.44248
 2.4911 8.39913
 2.43852 8.3519
 2.39235 8.30339
64 56 4
 3.84206 10.27
 3.93395 10.3502
 4.0181 10.427
 4.0945 10.5004
65 29 78
 24.2903 42.894
 24.1189 43.2275
 23.9516 43.5344
 23.7907 43.7927
 23.6353 43.9881
 23.4809 44.1143
 23.3213 44.1749
 23.1501 44.1829
 22.9632 44.1572
 22.7589 44.1148
 22.5378 44.0637
 22.3034 44.0046
 22.0629 43.9402
 21.8262 43.8827
 21.6021 43.8513
 21.3946 43.8607
 21.2032 43.9123
 21.0269 43.9955
 20.868 44.0965
 20.7324 44.2074
 20.6244 44.3276
 20.5427 44.4603
 20.4781 44.6075
 20.4173 44.7678
 20.3481 44.9367
 20.2634 45.1099
 20.161 45.2862
 20.0422 45.4685
 19.9104 45.6618
 19.772 45.8686
 19.6356 46.086
 19.5083 46.3068
 19.3912 46.5226
 19.2797 46.7265
 19.1684 46.9141
 19.057 47.0836
 18.953 47.2371
 18.8662 47.38
 18.8029 47.5183
 18.7626 47.6547
 18.7404 47.7866
 18.7308 47.9072
 18.7299 48.0098
 18.736 48.0912
 18.7487 48.1537
 18.7685 48.2025
 18.7965 48.2426
 18.8345 48.2756
 18.885 48.3006
 18.9499 48.3165
 19.0292 48.3233
 19.1199 48.3223
 19.2167 48.3144
 19.3142 48.2993
 19.4075 48.2752
 19.4927 48.2403
 19.5662 48.1928
 19.6241 48.1322
 19.664 48.0602
 19.6868 47.9825
 19.6978 47.9074
 19.706 47.8425
 19.7205 47.7921
 19.7472 47.7562
 19.7869 47.7329
 19.8377 47.7206
 19.8976 47.7192
 19.966 47.7278
 20.0426 47.7435
 20.1257 47.7617
 20.2113 47.7783
 20.2951 47.7932
 20.3731 47.81
 20.4427 47.8324
 20.5018 47.8612
 20.5499 47.8938
 20.5884 47.9266
 20.6211 47.9582
65 3 56
 24.2903 42.894
 24.553 42.7177
 24.82 42.5727
 25.0894 42.4726
 25.354 42.4071
 25.6087 42.3532
 25.8563 42.2926
 26.1055 42.224
 26.3605 42.1616
 26.6139 42.1231
 26.8487 42.1189
 27.0471 42.1486
 27.1993 42.2055
 27.3072 42.281
 27.3826 42.3666
 27.4418 42.4543
 27.5002 42.5367
 27.5675 42.6083
 27.6459 42.6667
 27.7311 42.7109
 27.8157 42.7383
 27.8931 42.745
 27.9607 42.7282
 28.0213 42.6908
 28.0816 42.644
 28.1481 42.6037
 28.2236 42.5838
 28.3059 42.5906
 28.3902 42.6215
 28.4726 42.6676
 28.552 42.7173
 28.6296 42.7622
 28.7068 42.8
 28.785 42.8341
 28.8655 42.8695
 28.9513 42.9074
 29.047 42.9458
 29.1589 42.9825
 29.2935 43.018
 29.4552 43.0529
 29.643 43.0837
 29.8482 43.1022
 30.0557 43.1007
 30.2488 43.0781
 30.4149 43.0416
 30.5498 43.003
 30.6585 42.9739
 30.7513 42.9617
 30.8389 42.9682
 30.9274 42.9901
 31.0172 43.0198
 31.1041 43.0488
 31.1829 43.0707
 31.2506 43.0833
 31.3076 43.0883
 31.3582 43.0893
66 31 96
 6.85362 2.04213
 7.0163 1.97572
 7.16806 1.9178
 7.30184 1.87392
 7.41761 1.84482
 7.52326 1.82659
 7.63153 1.8126
 7.75344 1.79633
 7.89219 1.77324
 8.04214 1.74073
 8.19338 1.69703
 8.33779 1.64037
 8.47201 1.56944
 8.59622 1.48516
 8.7113 1.39231
 8.8173 1.29978
 8.91376 1.21811
 9.00065 1.15518
 9.07831 1.11255
 9.1467 1.08481
 9.20514 1.06237
 9.25355 1.03592
 9.29364 0.999979
 9.32856 0.953936
 9.36098 0.90064
 9.39138 0.844007
 9.41854 0.787194
 9.44136 0.731947
 9.46041 0.678924
 9.47776 0.628471
 9.49566 0.581267
 9.51514 0.538152
 9.53527 0.499032
 9.55359 0.461762
 9.56784 0.422367
 9.57798 0.3771
 9.5871 0.325159
 9.60016 0.270096
 9.62161 0.218767
 9.65348 0.178363
 9.69489 0.153382
 9.74262 0.144487
 9.79214 0.149957
 9.839 0.168267
 9.88026 0.199347
 9.91541 0.243331
 9.94621 0.298335
 9.97559 0.359703
 10.0059 0.421438
 10.0377 0.478354
 10.0694 0.527332
 10.0985 0.567371
 10.1231 0.599029
 10.1434 0.623804
 10.1614 0.643717
 10.1792 0.661104
 10.1988 0.678272
 10.2217 0.696822
 10.2492 0.717137
 10.2816 0.738799
 10.3178 0.761897
 10.3549 0.788098
 10.3897 0.820513
 10.4202 0.862481
 10.4465 0.916199
 10.4707 0.981847
 10.4957 1.05739
 10.5227 1.13918
 10.5501 1.22333
 10.5734 1.30721
 10.5881 1.39002
 10.5923 1.47195
 10.5874 1.55294
 10.5763 1.63198
 10.5605 1.70738
 10.5394 1.77736
 10.5123 1.8407
 10.4805 1.89723
 10.4475 1.94807
 10.4181 1.99533
 10.3964 2.04139
 10.3849 2.0879
 10.3849 2.13467
 10.3972 2.17904
 10.4219 2.21652
 10.4578 2.24291
 10.5017 2.25712
 10.5487 2.26233
 10.5943 2.2643
 10.6355 2.26772
 10.6722 2.27347
 10.7058 2.27885
 10.7381 2.28043
 10.77 2.2766
 10.8017 2.26815
 10.833 2.25722
66 44 10
 6.85362 2.04213
 6.7545 2.22293
 6.6537 2.40936
 6.54779 2.59826
 6.43287 2.77704
 6.30829 2.93092
 6.17898 3.05126
 6.05319 3.13878
 5.93657 3.20157
 5.82763 3.25141
67 31 71
 14.2314 0.962614
 14.0521 0.756974
 13.8718 0.585912
 13.6899 0.468983
 13.5077 0.404139
 13.3278 0.373118
 13.1526 0.354873
 12.982 0.338082
 12.8134 0.325195
 12.6454 0.327017
 12.4804 0.353066
 12.323 0.404291
 12.1768 0.471691
 12.0409 0.540191
 11.9122 0.594937
 11.7882 0.626957
 11.6688 0.635939
 11.5558 0.628889
 11.4504 0.615297
 11.3527 0.601665
 11.2627 0.589142
 11.1806 0.575706
 11.1072 0.560553
 11.0433 0.546533
 10.989 0.538467
 10.9435 0.539038
 10.9045 0.546107
 10.868 0.554012
 10.8299 0.557916
 10.7877 0.557734
 10.7413 0.558575
 10.6927 0.56748
 10.6445 0.589005
 10.5988 0.622813
 10.5567 0.664669
 10.5199 0.709689
 10.4907 0.755323
 10.4714 0.802324
 10.4634 0.853655
 10.4662 0.912504
 10.4784 0.980533
 10.4982 1.057
 10.5234 1.13909
 10.5502 1.22331
 10.5735 1.30721
 10.5881 1.39002
 10.5923 1.47195
 10.5874 1.55294
 10.5763 1.63198
 10.5605 1.70738
 10.5394 1.77736
 10.5123 1.8407
 10.4805 1.89723
 10.4475 1.94807
 10.4181 1.99533
 10.3964 2.04139
 10.3849 2.0879
 10.3849 2.13467
 10.3972 2.17904
 10.4219 2.21652
 10.4578 2.24291
 10.5017 2.25712
 10.5487 2.26233
 10.5943 2.2643
 10.6355 2.26772
 10.6722 2.27347
 10.7058 2.27885
 10.7381 2.28043
 10.77 2.2766
 10.8017 2.26815
 10.833 2.25722
67 55 25
 14.2314 0.962614
 14.4371 0.984407
 14.654 1.00441
 14.8848 1.02095
 15.1208 1.03273
 15.3464 1.03983
 15.5468 1.04483
 15.7146 1.0524
 15.8504 1.06669
 15.9596 1.08873
 16.0489 1.11633
 16.124 1.14637
 16.1894 1.17691
 16.2491 1.20716
 16.3068 1.23609
 16.3656 1.2619
 16.4278 1.28305
 16.4944 1.3
 16.5652 1.31572
 16.638 1.3343
 16.7092 1.35853
 16.7747 1.38846
 16.831 1.42191
 16.8779 1.45633
 16.9187 1.49053
68 31 63
 10.1408 4.51717
 10.196 4.35615
 10.2387 4.21137
 10.2595 4.09391
 10.2544 4.00644
 10.2262 3.94292
 10.1824 3.89113
 10.1321 3.83733
 10.0813 3.77176
 10.0317 3.69215
 9.98184 3.60334
 9.93052 3.51337
 9.8783 3.429
 9.8281 3.35365
 9.78385 3.28787
 9.74805 3.23074
 9.71992 3.18066
 9.69613 3.13547
 9.67393 3.0929
 9.65408 3.05138
 9.64062 3.01062
 9.63754 2.97126
 9.64495 2.93376
 9.65824 2.89749
 9.67055 2.86088
 9.67708 2.8226
 9.67797 2.78286
 9.6783 2.74391
 9.68531 2.70938
 9.70494 2.68317
 9.73934 2.6685
 9.78677 2.66735
 9.8432 2.68003
 9.90439 2.70513
 9.96703 2.7397
 10.0286 2.77976
 10.0869 2.82116
 10.1404 2.86049
 10.1882 2.89559
 10.2317 2.9253
 10.273 2.94851
 10.3145 2.96349
 10.3577 2.96831
 10.4029 2.96202
 10.4496 2.9454
 10.4967 2.92039
 10.5433 2.88862
 10.588 2.85051
 10.6297 2.80583
 10.666 2.75506
 10.6935 2.70015
 10.7088 2.64407
 10.7105 2.58968
 10.7013 2.53887
 10.6877 2.49235
 10.6776 2.44995
 10.6768 2.41127
 10.6875 2.37612
 10.7085 2.3447
 10.7367 2.31738
 10.7683 2.29426
 10.8007 2.27471
 10.833 2.25722
68 25 23
 10.1408 4.51717
 10.1661 4.68981
 10.1893 4.85934
 10.2079 5.02414
 10.2207 5.18408
 10.2303 5.33907
 10.2434 5.4879
 10.2691 5.62853
 10.3138 5.75952
 10.3768 5.88112
 10.4493 5.99463
 10.5177 6.10065
 10.5681 6.19827
 10.5911 6.2868
 10.5843 6.36887
 10.5532 6.45163
 10.5095 6.54365
 10.4664 6.64913
 10.4341 6.76438
 10.417 6.87971
 10.4139 6.9854
 10.4205 7.07758
 10.432 7.1603
69 56 47
 1.68411 17.412
 1.35443 17.2353
 1.09368 17.0358
 0.945466 16.8041
 0.91618 16.5493
 0.980028 16.2918
 1.09491 16.0491
 1.21997 15.8242
 1.32832 15.603
 1.41147 15.3624
 1.47562 15.0829
 1.53341 14.7597
 1.59653 14.4068
 1.67189 14.051
 1.76079 13.7185
 1.85914 13.4238
 1.95846 13.1685
 2.0481 12.9474
 2.118 12.7565
 2.16136 12.5957
 2.17652 12.465
 2.16804 12.3611
 2.14652 12.2758
 2.12652 12.2002
 2.12301 12.128
 2.14769 12.059
 2.20714 11.9967
 2.30289 11.9439
 2.43207 11.8974
 2.58788 11.8476
 2.75991 11.7831
 2.93536 11.6972
 3.1016 11.5921
 3.24937 11.4781
 3.3749 11.368
 3.47954 11.2715
 3.56716 11.192
 3.64118 11.1263
 3.70352 11.0672
 3.75577 11.0067
 3.80106 10.9396
 3.84431 10.8646
 3.89019 10.7847
 3.94036 10.7052
 3.99282 10.6307
 4.04452 10.5631
 4.0945 10.5004
69 19 4
 1.68411 17.412
 2.18152 17.7472
 2.65761 18.0704
 3.11238 18.3816
70 51 7
 1.73404 37.6271
 2.08848 38.1122
 2.39355 38.5238
 2.61993 38.817
 2.76602 38.9871
 2.85152 39.0627
 2.90574 39.0889
70 45 4
 1.73404 37.6271
 1.40988 37.5628
 1.10393 37.5005
 0.816187 37.4401
71 14 21
 8.11493 42.0401
 7.84143 42.1652
 7.60969 42.2896
 7.4421 42.4164
 7.33378 42.5507
 7.25954 42.6941
 7.18932 42.8418
 7.10149 42.984
 6.98814 43.1103
 6.85325 43.2106
 6.70807 43.2753
 6.56612 43.2944
 6.43819 43.2613
 6.3283 43.1776
 6.23256 43.055
 6.1416 42.9128
 6.0454 42.7707
 5.93799 42.6431
 5.81942 42.5365
 5.69379 42.4493
 5.56541 42.3735
71 12 46
 8.11493 42.0401
 8.26306 41.9372
 8.39154 41.8233
 8.49254 41.6953
 8.57291 41.5629
 8.64735 41.4466
 8.72882 41.369
 8.82326 41.3423
 8.93029 41.362
 9.0467 41.4094
 9.16923 41.4623
 9.29558 41.5045
 9.42433 41.5305
 9.55519 41.5434
 9.68969 41.5512
 9.83104 41.5639
 9.98171 41.5924
 10.1394 41.6472
 10.2947 41.7365
 10.4347 41.8626
 10.5495 42.0221
 10.6382 42.2089
 10.7086 42.4196
 10.7732 42.6547
 10.8441 42.9141
 10.9306 43.1916
 11.037 43.4741
 11.1611 43.7468
 11.2952 43.9981
 11.4302 44.2195
 11.5606 44.403
 11.6871 44.5416
 11.8139 44.6346
 11.9445 44.692
 12.0779 44.732
 12.2086 44.7726
 12.3292 44.8236
 12.4331 44.8853
 12.5159 44.9525
 12.5768 45.0203
 12.6188 45.0858
 12.6482 45.1477
 12.6726 45.2049
 12.6983 45.2561
 12.7284 45.301
 12.7618 45.3418
72 6 56
 4.99717 44.6049
 4.69867 44.5751
 4.41264 44.5553
 4.14993 44.5515
 3.91816 44.5654
 3.71945 44.5966
 3.54841 44.6464
 3.39207 44.7174
 3.23338 44.8119
 3.05757 44.9277
 2.85844 45.057
 2.64163 45.1891
 2.42297 45.3151
 2.22165 45.4333
 2.05164 45.5483
 1.91601 45.6669
 1.80758 45.7916
 1.71453 45.9181
 1.6268 46.0376
 1.53983 46.1425
 1.45478 46.2299
 1.37661 46.3029
 1.31168 46.3668
 1.266 46.4255
 1.24378 46.4785
 1.24627 46.5222
 1.271 46.5526
 1.31221 46.5681
 1.36268 46.5712
 1.41616 46.5677
 1.46944 46.5647
 1.52317 46.5685
 1.58083 46.583
 1.64616 46.6091
 1.72005 46.6464
 1.79856 46.6951
 1.87326 46.7572
 1.93367 46.8367
 1.97035 46.9378
 1.97734 47.0618
 1.95402 47.2047
 1.90696 47.357
 1.85082 47.508
 1.80601 47.6509
 1.79169 47.7849
 1.81774 47.9115
 1.88146 48.0297
 1.97122 48.1345
 2.07319 48.2212
 2.17585 48.2901
 2.27055 48.3478
 2.35061 48.4031
 2.41178 48.4626
 2.45355 48.5285
 2.47967 48.5991
 2.49716 48.672
72 14 19
 4.99717 44.6049
 5.31105 44.5266
 5.60191 44.4509
 5.85245 44.3792
 6.05313 44.3099
 6.20064 44.2372
 6.29587 44.151
 6.34369 44.0406
 6.35305 43.8994
 6.33537 43.7277
 6.30077 43.5332
 6.25487 43.3287
 6.19814 43.128
 6.12779 42.9427
 6.04078 42.7808
 5.93675 42.6459
 5.81916 42.5371
 5.69375 42.4494
 5.56541 42.3735
73 29 174
 5.18028 49.4589
 5.42586 49.4484
 5.64981 49.4483
 5.84026 49.4643
 5.99847 49.4961
 6.13474 49.539
 6.26088 49.5875
 6.38461 49.6383
 6.50865 49.6897
 6.63308 49.7399
 6.75749 49.7862
 6.88103 49.8256
 7.00145 49.8574
 7.11591 49.8829
 7.22387 49.904
 7.32899 49.9212
 7.43748 49.9313
 7.55353 49.9283
 7.676 49.9044
 7.79958 49.8525
 7.91925 49.7693
 8.03397 49.6595
 8.1464 49.5361
 8.25963 49.4185
 8.37418 49.3266
 8.48734 49.2755
 8.59546 49.2717
 8.69777 49.3121
 8.79943 49.3836
 8.91096 49.4678
 9.04315 49.5463
 9.20063 49.6073
 9.37863 49.6458
 9.56555 49.6617
 9.74965 49.6577
 9.9252 49.6403
 10.0939 49.6202
 10.2615 49.6087
 10.4328 49.6126
 10.6092 49.6307
 10.7893 49.6548
 10.9713 49.6737
 11.1534 49.6803
 11.3342 49.6752
 11.5118 49.6661
 11.6833 49.6625
 11.8455 49.6693
 11.9955 49.6834
 12.1321 49.6962
 12.2568 49.6971
 12.374 49.6774
 12.4891 49.6326
 12.607 49.564
 12.7295 49.4794
 12.8553 49.3915
 12.9812 49.3145
 13.1048 49.2603
 13.2262 49.2357
 13.3459 49.2419
 13.4627 49.2749
 13.5733 49.3264
 13.6741 49.3864
 13.7641 49.4449
 13.8455 49.495
 13.9214 49.5342
 13.994 49.5629
 14.0641 49.5816
 14.1315 49.5885
 14.1959 49.5788
 14.2552 49.5474
 14.3045 49.4919
 14.3375 49.4146
 14.3501 49.3216
 14.344 49.2217
 14.3289 49.1236
 14.3183 49.0334
 14.3241 48.9528
 14.351 48.8796
 14.3954 48.811
 14.4502 48.7478
 14.5106 48.6954
 14.5762 48.6611
 14.6495 48.6469
 14.7306 48.6455
 14.8162 48.642
 14.9006 48.6202
 14.9797 48.5687
 15.0524 48.4857
 15.1197 48.3784
 15.1827 48.26
 15.2418 48.1434
 15.2964 48.037
 15.3456 47.9424
 15.3892 47.8574
 15.4279 47.7795
 15.4635 47.7086
 15.4986 47.6476
 15.5354 47.6014
 15.5762 47.5747
 15.6216 47.5704
 15.6704 47.5895
 15.7194 47.6307
 15.766 47.6907
 15.8109 47.7634
 15.8585 47.8405
 15.9141 47.9132
 15.9801 47.9742
 16.0544 48.0197
 16.1313 48.0487
 16.2053 48.063
 16.2738 48.0664
 16.3374 48.064
 16.3993 48.0603
 16.463 48.057
 16.5319 48.0519
 16.608 48.04
 16.6917 48.0168
 16.7812 47.9819
 16.8726 47.9409
 16.9621 47.9036
 17.0481 47.8782
 17.1313 47.8667
 17.213 47.8642
 17.2936 47.8635
 17.373 47.8607
 17.4526 47.8576
 17.5365 47.8602
 17.6293 47.8746
 17.7335 47.9046
 17.8471 47.9497
 17.9643 48.0061
 18.0785 48.0682
 18.1847 48.1302
 18.2796 48.1866
 18.3618 48.233
 18.4318 48.2655
 18.4921 48.2818
 18.5463 48.2825
 18.5976 48.2719
 18.6472 48.2579
 18.6945 48.2491
 18.7393 48.2511
 18.7828 48.2641
 18.8291 48.2838
 18.8832 48.3032
 18.9495 48.3172
 19.0291 48.3234
 19.1199 48.3223
 19.2167 48.3144
 19.3142 48.2993
 19.4075 48.2752
 19.4927 48.2403
 19.5662 48.1928
 19.6241 48.1322
 19.664 48.0602
 19.6868 47.9825
 19.6978 47.9074
 19.706 47.8425
 19.7205 47.7921
 19.7472 47.7562
 19.7869 47.7329
 19.8377 47.7206
 19.8976 47.7192
 19.966 47.7278
 20.0426 47.7435
 20.1257 47.7617
 20.2113 47.7783
 20.2951 47.7932
 20.3731 47.81
 20.4427 47.8324
 20.5018 47.8612
 20.5499 47.8938
 20.5884 47.9266
 20.6211 47.9582
73 6 29
 5.18028 49.4589
 4.96059 49.4957
 4.74487 49.5113
 4.53696 49.4903
 4.34063 49.4271
 4.15946 49.3275
 3.9959 49.2061
 3.85008 49.0811
 3.71917 48.9695
 3.59799 48.8843
 3.4808 48.8338
 3.3636 48.8213
 3.24581 48.8446
 3.13025 48.8951
 3.02095 48.9589
 2.92012 49.0202
 2.8266 49.0662
 2.73722 49.0915
 2.64992 49.0975
 2.56596 49.0892
 2.48977 49.0697
 2.42718 49.0389
 2.38349 48.995
 2.36207 48.9391
 2.36313 48.8762
 2.38318 48.8139
 2.41608 48.7585
 2.45551 48.7122
 2.49716 48.672
74 29 150
 10.8671 47.1097
 10.7702 47.3252
 10.6765 47.5354
 10.5894 47.7371
 10.511 47.9303
 10.4397 48.1168
 10.3707 48.2984
 10.3001 48.4754
 10.2305 48.6488
 10.1733 48.8201
 10.1439 48.9895
 10.1555 49.1526
 10.2142 49.3006
 10.3172 49.4249
 10.4554 49.5217
 10.6171 49.5929
 10.7916 49.6418
 10.9719 49.6702
 11.1535 49.6796
 11.3343 49.6751
 11.5118 49.6661
 11.6833 49.6625
 11.8455 49.6693
 11.9955 49.6834
 12.1321 49.6962
 12.2568 49.6971
 12.374 49.6774
 12.4891 49.6326
 12.607 49.564
 12.7295 49.4794
 12.8553 49.3915
 12.9812 49.3145
 13.1048 49.2603
 13.2262 49.2357
 13.3459 49.2419
 13.4627 49.2749
 13.5733 49.3264
 13.6741 49.3864
 13.7641 49.4449
 13.8455 49.495
 13.9214 49.5342
 13.994 49.5629
 14.0641 49.5816
 14.1315 49.5885
 14.1959 49.5788
 14.2552 49.5474
 14.3045 49.4919
 14.3375 49.4146
 14.3501 49.3216
 14.344 49.2217
 14.3289 49.1236
 14.3183 49.0334
 14.3241 48.9528
 14.351 48.8796
 14.3954 48.811
 14.4502 48.7478
 14.5106 48.6954
 14.5762 48.6611
 14.6495 48.6469
 14.7306 48.6455
 14.8162 48.642
 14.9006 48.6202
 14.9797 48.5687
 15.0524 48.4857
 15.1197 48.3784
 15.1827 48.26
 15.2418 48.1434
 15.2964 48.037
 15.3456 47.9424
 15.3892 47.8574
 15.4279 47.7795
 15.4635 47.7086
 15.4986 47.6476
 15.5354 47.6014
 15.5762 47.5747
 15.6216 47.5704
 15.6704 47.5895
 15.7194 47.6307
 15.766 47.6907
 15.8109 47.7634
 15.8585 47.8405
 15.9141 47.9132
 15.9801 47.9742
 16.0544 48.0197
 16.1313 48.0487
 16.2053 48.063
 16.2738 48.0664
 16.3374 48.064
 16.3993 48.0603
 16.463 48.057
 16.5319 48.0519
 16.608 48.04
 16.6917 48.0168
 16.7812 47.9819
 16.8726 47.9409
 16.9621 47.9036
 17.0481 47.8782
 17.1313 47.8667
 17.213 47.8642
 17.2936 47.8635
 17.373 47.8607
 17.4526 47.8576
 17.5365 47.8602
 17.6293 47.8746
 17.7335 47.9046
 17.8471 47.9497
 17.9643 48.0061
 18.0785 48.0682
 18.1847 48.1302
 18.2796 48.1866
 18.3618 48.233
 18.4318 48.2655
 18.4921 48.2818
 18.5463 48.2825
 18.5976 48.2719
 18.6472 48.2579
 18.6945 48.2491
 18.7393 48.2511
 18.7828 48.2641
 18.8291 48.2838
 18.8832 48.3032
 18.9495 48.3172
 19.0291 48.3234
 19.1199 48.3223
 19.2167 48.3144
 19.3142 48.2993
 19.4075 48.2752
 19.4927 48.2403
 19.5662 48.1928
 19.6241 48.1322
 19.664 48.0602
 19.6868 47.9825
 19.6978 47.9074
 19.706 47.8425
 19.7205 47.7921
 19.7472 47.7562
 19.7869 47.7329
 19.8377 47.7206
 19.8976 47.7192
 19.966 47.7278
 20.0426 47.7435
 20.1257 47.7617
 20.2113 47.7783
 20.2951 47.7932
 20.3731 47.81
 20.4427 47.8324
 20.5018 47.8612
 20.5499 47.8938
 20.5884 47.9266
 20.6211 47.9582
74 12 23
 10.8671 47.1097
 10.7669 46.8107
 10.6783 46.5375
 10.6127 46.3053
 10.579 46.1161
 10.5809 45.9626
 10.6164 45.838
 10.6811 45.7402
 10.7718 45.6703
 10.889 45.6269
 11.0347 45.6031
 11.2085 45.5873
 11.4043 45.568
 11.6093 45.5384
 11.8086 45.499
 11.9912 45.456
 12.1528 45.4176
 12.2948 45.3887
 12.4195 45.3702
 12.5277 45.3591
 12.619 45.3521
 12.6951 45.3467
 12.7618 45.3418
75 54 17
 13.7841 35.5528
 13.6453 35.9713
 13.5433 36.3318
 13.4993 36.6004
 13.5124 36.7751
 13.5663 36.877
 13.6406 36.9337
 13.7199 36.9677
 13.7957 36.9937
 13.8648 37.0202
 13.9272 37.0511
 13.9848 37.0851
 14.0404 37.1152
 14.0966 37.1326
 14.154 37.1319
 14.2122 37.1141
 14.2705 37.0861
75 43 51
 13.7841 35.5528
 13.7682 35.2562
 13.7426 34.9817
 13.7035 34.7434
 13.654 34.5438
 13.5994 34.3755
 13.5436 34.2276
 13.4868 34.0911
 13.4265 33.962
 13.361 33.8385
 13.2928 33.7186
 13.2301 33.6
 13.1848 33.4825
 13.1656 33.3684
 13.1732 33.2599
 13.2008 33.1568
 13.2386 33.0562
 13.2786 32.9552
 13.316 32.8531
 13.3493 32.7511
 13.3792 32.6506
 13.4073 32.5524
 13.4356 32.4564
 13.4638 32.3624
 13.4892 32.2699
 13.5081 32.1792
 13.5182 32.0897
 13.5211 32.0005
 13.521 31.9096
 13.5212 31.815
 13.5205 31.715
 13.5147 31.6095
 13.5014 31.4999
 13.4838 31.3883
 13.4691 31.2754
 13.4633 31.1596
 13.4661 31.0366
 13.4714 30.9034
 13.4708 30.7609
 13.4587 30.6152
 13.4332 30.4752
 13.3962 30.3476
 13.3518 30.2343
 13.3055 30.1313
 13.2654 30.0312
 13.2404 29.9269
 13.2373 29.8143
 13.2567 29.6948
 13.2935 29.5735
 13.3398 29.4549
 13.3896 29.3397
76 54 24
 11.0716 37.9401
 11.3893 37.6789
 11.6648 37.4815
 11.8796 37.3835
 12.0473 37.3807
 12.2 37.439
 12.3674 37.5149
 12.5613 37.573
 12.7741 37.5945
 12.989 37.5795
 13.1897 37.543
 13.3658 37.5073
 13.5135 37.4906
 13.6338 37.4992
 13.7312 37.5244
 13.8111 37.5477
 13.8787 37.5505
 13.9382 37.5223
 13.993 37.4644
 14.0463 37.387
 14.1005 37.3035
 14.1563 37.2239
 14.2132 37.1521
 14.2705 37.0861
76 23 3
 11.0716 37.9401
 10.7069 38.2132
 10.3429 38.4858
77 30 69
 10.1568 21.1254
 10.1057 20.8821
 10.0598 20.6514
 10.0223 20.439
 9.99396 20.2435
 9.97545 20.0603
 9.96776 19.886
 9.9705 19.7181
 9.98029 19.554
 9.99196 19.39
 10.0023 19.2234
 10.0116 19.0538
 10.0213 18.883
 10.0302 18.7133
 10.0331 18.5479
 10.0241 18.3897
 10.0015 18.2409
 9.97072 18.1012
 9.94349 17.9679
 9.93247 17.8379
 9.94519 17.7107
 9.98003 17.5896
 10.0269 17.4792
 10.0719 17.3817
 10.1033 17.296
 10.116 17.2182
 10.1109 17.144
 10.0934 17.0689
 10.0689 16.9899
 10.0413 16.9057
 10.0125 16.8171
 9.98296 16.7266
 9.95343 16.6368
 9.92532 16.5492
 9.90125 16.4643
 9.88431 16.3814
 9.87662 16.2991
 9.87872 16.2148
 9.89009 16.1255
 9.9094 16.0291
 9.93306 15.9267
 9.95342 15.8226
 9.95992 15.7214
 9.94459 15.6263
 9.90864 15.5376
 9.86397 15.4546
 9.82753 15.3769
 9.81273 15.3048
 9.82493 15.239
 9.86272 15.1805
 9.92111 15.1299
 9.99232 15.0868
 10.0648 15.0489
 10.124 15.0113
 10.1571 14.967
 10.158 14.9089
 10.1298 14.8322
 10.0833 14.7358
 10.0323 14.6236
 9.98843 14.5021
 9.95767 14.3791
 9.94048 14.26
 9.93451 14.1482
 9.93829 14.045
 9.95275 13.9515
 9.97978 13.8682
 10.0196 13.7952
 10.0695 13.7307
 10.1247 13.6713
77 42 28
 10.1568 21.1254
 10.1618 21.35
 10.1702 21.5648
 10.1827 21.7628
 10.1957 21.9409
 10.2039 22.0994
 10.2055 22.242
 10.2057 22.375
 10.2147 22.5052
 10.2409 22.6381
 10.285 22.7766
 10.3399 22.9217
 10.3966 23.0736
 10.4487 23.2309
 10.493 23.3896
 10.5273 23.543
 10.5504 23.6856
 10.5638 23.8155
 10.5736 23.9358
 10.5892 24.0525
 10.6176 24.1723
 10.6593 24.3004
 10.7073 24.4383
 10.7517 24.583
 10.7845 24.7276
 10.8032 24.8645
 10.8104 24.9899
 10.8113 25.1069
78 3 11
 30.696 42.6835
 30.7398 42.7609
 30.7918 42.8342
 30.8568 42.9006
 30.9344 42.9588
 31.0196 43.0073
 31.1048 43.0446
 31.1831 43.0695
 31.2506 43.0831
 31.3076 43.0883
 31.3582 43.0893
78 33 4
 30.696 42.6835
 30.6839 42.5767
 30.6711 42.4749
 30.6577 42.378
79 36 45
 31.3713 44.9115
 31.02 45.0771
 30.6498 45.2316
 30.2566 45.3619
 29.8546 45.4532
 29.4681 45.4925
 29.1178 45.4737
 28.8128 45.4021
 28.5512 45.2949
 28.3264 45.1777
 28.1306 45.0779
 27.9558 45.0173
 27.7944 45.0073
 27.643 45.0481
 27.5059 45.1315
 27.3948 45.2485
 27.3249 45.3957
 27.3084 45.579
 27.3516 45.8085
 27.455 46.0887
 27.6142 46.4075
 27.8185 46.7341
 28.0487 47.0277
 28.2785 47.2526
 28.4817 47.3922
 28.6418 47.4535
 28.7574 47.4631
 28.8391 47.4558
 28.9017 47.4624
 28.9577 47.4996
 29.0151 47.5675
 29.0796 47.6519
 29.1562 47.7324
 29.249 47.7895
 29.3578 47.8104
 29.477 47.7921
 29.5967 47.7412
 29.7074 47.6719
 29.8044 47.6
 29.8888 47.5373
 29.9644 47.4881
 30.0336 47.4504
 30.096 47.4199
 30.1509 47.3928
 30.2004 47.3669
79 3 19
 31.3713 44.9115
 31.568 44.5022
 31.7353 44.1363
 31.8527 43.8393
 31.9138 43.6124
 31.9254 43.4388
 31.9017 43.2987
 31.8571 43.1801
 31.8012 43.0806
 31.7383 43.0014
 31.6702 42.9424
 31.5986 42.9022
 31.5277 42.8804
 31.4631 42.8782
 31.4111 42.8963
 31.376 42.9322
 31.3583 42.9802
 31.3545 43.034
 31.3582 43.0893
80 8 103
 41.4092 45.2599
 41.5757 45.5946
 41.7513 45.9178
 41.9433 46.2204
 42.1536 46.4944
 42.3749 46.7292
 42.5933 46.9106
 42.7967 47.0265
 42.9801 47.075
 43.1447 47.0702
 43.2926 47.0387
 43.4253 47.01
 43.5456 47.005
 43.6602 47.0293
 43.7783 47.074
 43.9068 47.1226
 44.048 47.1608
 44.1996 47.1825
 44.3574 47.191
 44.5179 47.1956
 44.6775 47.207
 44.8329 47.2344
 44.9798 47.2828
 45.1139 47.3528
 45.231 47.4406
 45.3284 47.5393
 45.4053 47.6405
 45.4637 47.7356
 45.5088 47.8169
 45.5486 47.8789
 45.5914 47.9208
 45.6435 47.9477
 45.7075 47.9688
 45.7818 47.9941
 45.8621 48.03
 45.9423 48.0769
 46.0173 48.1289
 46.0836 48.1759
 46.141 48.2073
 46.1918 48.2158
 46.2406 48.2006
 46.2935 48.1678
 46.3567 48.1288
 46.4336 48.097
 46.5224 48.0842
 46.6155 48.0984
 46.7039 48.1421
 46.7816 48.2109
 46.8489 48.294
 46.9108 48.3759
 46.973 48.4418
 47.038 48.4828
 47.1047 48.4985
 47.1701 48.4959
 47.2332 48.4853
 47.2959 48.4771
 47.3617 48.4796
 47.4319 48.498
 47.5032 48.534
 47.5693 48.5865
 47.6243 48.652
 47.6674 48.7246
 47.7029 48.7977
 47.7385 48.8654
 47.7804 48.9248
 47.8307 48.9772
 47.8871 49.0265
 47.9445 49.0776
 47.9981 49.1337
 48.0458 49.1952
 48.0882 49.26
 48.1278 49.325
 48.1665 49.3876
 48.2062 49.4461
 48.2499 49.4987
 48.3019 49.543
 48.3667 49.5756
 48.4459 49.594
 48.5355 49.5989
 48.6277 49.5942
 48.7143 49.5856
 48.7906 49.5771
 48.8564 49.5698
 48.9146 49.5624
 48.9681 49.5539
 49.0187 49.5452
 49.0667 49.5389
 49.1117 49.539
 49.1537 49.5482
 49.1938 49.5668
 49.2343 49.5914
 49.2776 49.6159
 49.3245 49.6337
 49.3737 49.6394
 49.4223 49.6303
 49.4686 49.6064
 49.5135 49.5714
 49.5596 49.5319
 49.6086 49.4964
 49.6591 49.4721
 49.7075 49.462
 49.7509 49.4643
 49.7903 49.4737
80 3 89
 41.4092 45.2599
 41.4542 44.9874
 41.4451 44.7748
 41.3527 44.6567
 41.1845 44.6319
 40.9768 44.6727
 40.7736 44.7448
 40.6043 44.8248
 40.4738 44.9025
 40.3664 44.9742
 40.2593 45.035
 40.1348 45.0767
 39.9869 45.0905
 39.8192 45.0709
 39.6409 45.0192
 39.462 44.9449
 39.2918 44.8631
 39.1385 44.7883
 39.0074 44.7285
 38.9002 44.6838
 38.8141 44.65
 38.7438 44.6237
 38.683 44.605
 38.6263 44.5954
 38.5688 44.5941
 38.5066 44.596
 38.4364 44.5944
 38.3553 44.5836
 38.2609 44.5609
 38.1508 44.5258
 38.023 44.4778
 37.8768 44.416
 37.7151 44.3402
 37.5456 44.2547
 37.3775 44.1697
 37.2165 44.1002
 37.0605 44.0595
 36.9006 44.0512
 36.7271 44.066
 36.5343 44.0863
 36.3228 44.0955
 36.0984 44.0842
 35.87 44.0514
 35.6474 44.0008
 35.4378 43.9362
 35.2428 43.8603
 35.0588 43.7764
 34.8817 43.691
 34.7104 43.6141
 34.5475 43.5552
 34.3958 43.5186
 34.2562 43.5015
 34.1284 43.4955
 34.013 43.493
 33.9123 43.4912
 33.8283 43.4937
 33.7604 43.508
 33.7036 43.541
 33.6513 43.5949
 33.5991 43.6666
 33.5461 43.7492
 33.4944 43.8349
 33.4443 43.9172
 33.3926 43.9905
 33.3334 44.049
 33.261 44.0869
 33.1722 44.0998
 33.067 44.0866
 32.9482 44.0494
 32.8202 43.9915
 32.6874 43.9161
 32.5522 43.8268
 32.4165 43.7279
 32.2838 43.6231
 32.1597 43.5143
 32.0497 43.4018
 31.9564 43.2876
 31.8777 43.1778
 31.8076 43.0804
 31.74 43.0014
 31.6705 42.9424
 31.5987 42.9022
 31.5277 42.8804
 31.4631 42.8782
 31.4111 42.8963
 31.376 42.9322
 31.3583 42.9802
 31.3545 43.034
 31.3582 43.0893
81 27 7
 39.8685 21.7264
 40.093 21.29
 40.2889 20.8933
 40.4385 20.5586
 40.5398 20.2863
 40.6039 20.0607
 40.6483 19.8594
81 40 5
 39.8685 21.7264
 39.4804 22.1321
 39.1435 22.4879
 38.8788 22.7733
 38.665 23.0093
82 48 15
 34.5836 32.1201
 34.0673 31.8079
 33.5847 31.4959
 33.1545 31.1877
 32.78 30.8885
 32.4618 30.6001
 32.2102 30.3161
 32.0425 30.0233
 31.9711 29.7105
 31.9912 29.3781
 32.0806 29.0428
 32.2084 28.7321
 32.3471 28.4698
 32.4809 28.2617
 32.608 28.0892
82 52 6
 34.5836 32.1201
 35.1458 32.493
 35.6665 32.8318
 36.1199 33.1125
 36.5056 33.3319
 36.8493 33.5118
83 5 30
 23.7578 23.3909
 23.5938 23.8923
 23.4443 24.3439
 23.3164 24.7184
 23.2054 25.0194
 23.0976 25.2735
 22.9799 25.5142
 22.8488 25.7689
 22.7132 26.0511
 22.5883 26.3599
 22.4868 26.6823
 22.414 27.0007
 22.3682 27.3027
 22.3436 27.5858
 22.3339 27.8569
 22.3345 28.1272
 22.3449 28.4075
 22.37 28.7067
 22.4166 29.0295
 22.488 29.3734
 22.5792 29.7276
 22.677 30.0787
 22.7665 30.4152
 22.8351 30.7283
 22.8738 31.0086
 22.8758 31.2454
 22.838 31.4319
 22.7643 31.5701
 22.6649 31.6719
 22.5529 31.7545
83 28 22
 23.7578 23.3909
 23.8951 23.0045
 24.0953 22.7067
 24.3847 22.5628
 24.7433 22.5999
 25.1257 22.8047
 25.4929 23.1319
 25.8308 23.5192
 26.1478 23.9059
 26.4599 24.2488
 26.7762 24.5288
 27.0932 24.7464
 27.3973 24.9099
 27.6721 25.0248
 27.9045 25.0923
 28.087 25.1127
 28.2172 25.0912
 28.2965 25.0394
 28.3299 24.9731
 28.3267 24.9062
 28.2988 24.8459
 28.2589 24.7917
84 28 24
 32.4171 25.1181
 32.1581 24.7424
 31.8977 24.4086
 31.6356 24.1507
 31.3733 23.986
 31.1127 23.9105
 30.856 23.9016
 30.6045 23.9264
 30.3597 23.9515
 30.123 23.9508
 29.8959 23.9125
 29.6808 23.8445
 29.4817 23.7733
 29.3035 23.7345
 29.1487 23.757
 29.0148 23.8497
 28.8952 23.9992
 28.7827 24.1774
 28.6739 24.3546
 28.5703 24.5082
 28.4757 24.6265
 28.3934 24.7076
 28.3226 24.7583
 28.2589 24.7917
84 48 16
 32.4171 25.1181
 32.3566 25.3993
 32.2788 25.6562
 32.1758 25.8761
 32.054 26.0617
 31.9314 26.2258
 31.8336 26.3835
 31.787 26.5467
 31.8106 26.7232
 31.9082 26.9162
 32.0629 27.1234
 32.2401 27.3364
 32.4005 27.5445
 32.5153 27.7392
 32.5784 27.919
 32.608 28.0892
85 39 18
 3.0238 19.2493
 3.41162 19.6587
 3.80689 20.0506
 4.197 20.4189
 4.54811 20.771
 4.82234 21.121
 4.99593 21.481
 5.06472 21.8552
 5.03776 22.2344
 4.92867 22.5966
 4.75134 22.9155
 4.51985 23.1763
 4.25034 23.3865
 3.96273 23.5703
 3.67989 23.7531
 3.42185 23.9481
 3.19661 24.1553
 2.99443 24.3689
85 19 3
 3.0238 19.2493
 3.06803 18.8151
 3.11238 18.3816
86 18 9
 35.8059 9.87686
 35.8937 10.3919
 35.9707 10.8444
 36.0308 11.2018
 36.0747 11.4691
 36.1088 11.6722
 36.141 11.8376
 36.1768 11.9828
 36.2165 12.1189
86 15 11
 35.8059 9.87686
 35.5949 9.21371
 35.4031 8.5948
 35.2414 8.04774
 35.108 7.58183
 34.9916 7.19903
 34.8788 6.9023
 34.7617 6.69307
 34.6403 6.56355
 34.5182 6.49379
 34.3973 6.45546
87 0 10
 7.10294 36.7921
 7.34184 36.9275
 7.56943 37.0329
 7.78406 37.0967
 7.99372 37.1314
 8.207 37.1635
 8.42457 37.2176
 8.63947 37.304
 8.84505 37.4185
 9.04229 37.5482
87 47 25
 7.10294 36.7921
 6.80762 36.4974
 6.53468 36.2163
 6.29869 35.9565
 6.10337 35.7177
 5.94307 35.4952
 5.80498 35.285
 5.67034 35.0892
 5.5173 34.9165
 5.32854 34.7772
 5.10199 34.6733
 4.85693 34.5932
 4.62812 34.5154
 4.44904 34.421
 4.33576 34.3025
 4.28271 34.1639
 4.2716 34.0133
 4.28453 33.8561
 4.31197 33.6957
 4.35268 33.5376
 4.40851 33.3919
 4.47893 33.2714
 4.55925 33.1855
 4.6434 33.1335
 4.72784 33.1026
88 35 34
 46.7167 7.04644
 46.8795 6.8137
 47.0383 6.58728
 47.1884 6.37034
 47.3244 6.16096
 47.4426 5.95257
 47.5434 5.73697
 47.6316 5.50871
 47.7153 5.26861
 47.8032 5.0244
 47.9019 4.78807
 48.0141 4.57075
 48.1379 4.37821
 48.2675 4.20912
 48.3948 4.05664
 48.5116 3.91162
 48.6119 3.76577
 48.6916 3.61399
 48.747 3.45511
 48.7722 3.29018
 48.7564 3.11945
 48.6846 2.94152
 48.5406 2.7564
 48.316 2.56993
 48.019 2.39429
 47.6783 2.24169
 47.3353 2.11549
 47.0308 2.00609
 46.7923 1.89561
 46.6308 1.76784
 46.5433 1.61592
 46.5174 1.44291
 46.5346 1.2568
 46.5739 1.06514
88 53 12
 46.7167 7.04644
 45.8485 7.12155
 45.083 7.23461
 44.4829 7.40148
 44.0559 7.60939
 43.7667 7.82871
 43.5669 8.03139
 43.4177 8.20219
 43.2987 8.33856
 43.2021 8.44501
 43.1235 8.52924
 43.0556 8.60139
89 16 13
 46.799 29.0743
 46.8454 28.8758
 46.8067 28.6466
 46.6469 28.38
 46.3912 28.0965
 46.0989 27.827
 45.8264 27.5935
 45.6065 27.4021
 45.4488 27.2486
 45.3496 27.1263
 45.2991 27.0294
 45.284 26.9516
 45.2876 26.8843
89 10 5
 46.799 29.0743
 46.45 29.5721
 46.1362 30.0167
 45.8721 30.386
 45.6431 30.702
90 13 12
 47.6867 35.59
 47.3955 36.0754
 47.1312 36.5668
 46.9051 37.0666
 46.7106 37.5699
 46.5342 38.0601
 46.3677 38.5091
 46.2119 38.8863
 46.0706 39.1726
 45.9452 39.3694
 45.8323 39.4975
 45.726 39.5892
90 37 4
 47.6867 35.59
 47.9435 34.9416
 48.1905 34.3198
 48.4277 33.7246
91 10 11
 44.4891 32.9162
 44.4238 32.5827
 44.3986 32.2685
 44.4386 31.9845
 44.5471 31.7313
 44.7104 31.5041
 44.9062 31.2987
 45.1106 31.1155
 45.3051 30.9568
 45.4811 30.8218
 45.6431 30.702
91 4 6
 44.4891 32.9162
 44.5565 33.3537
 44.5972 33.7652
 44.598 34.1338
 44.5633 34.4581
 44.5088 34.7545
92 44 29
 3.91892 2.01561
 4.10022 2.14509
 4.26459 2.2542
 4.40019 2.32954
 4.5033 2.36735
 4.57838 2.37185
 4.63594 2.35181
 4.68926 2.31781
 4.75107 2.27989
 4.83066 2.24507
 4.9315 2.21535
 5.05053 2.18817
 5.18041 2.15976
 5.31469 2.12941
 5.45256 2.10154
 5.59896 2.08359
 5.75945 2.08188
 5.93332 2.09979
 6.10974 2.14031
 6.26904 2.20924
 6.38875 2.31329
 6.45152 2.45291
 6.4511 2.6167
 6.39372 2.78377
 6.2952 2.93299
 6.17548 3.05177
 6.05247 3.13888
 5.93647 3.20158
 5.82763 3.25141
92 21 26
 3.91892 2.01561
 3.75161 1.96138
 3.59849 1.92246
 3.46766 1.90498
 3.35871 1.90311
 3.2647 1.90353
 3.17624 1.89311
 3.08527 1.86489
 2.98741 1.81994
 2.88304 1.76515
 2.77691 1.70868
 2.67657 1.656
 2.59041 1.60847
 2.52587 1.56456
 2.48796 1.52161
 2.47746 1.47694
 2.48975 1.4282
 2.51517 1.37379
 2.54181 1.31324
 2.55907 1.2473
 2.56032 1.17785
 2.54376 1.10776
 2.51169 1.0405
 2.46882 0.979068
 2.42006 0.924366
 2.36902 0.874184
93 31 30
 11.0152 3.6796
 10.9241 3.57255
 10.8372 3.47247
 10.7582 3.38424
 10.6893 3.30931
 10.631 3.24592
 10.5819 3.19062
 10.5407 3.14026
 10.5078 3.09307
 10.4859 3.04855
 10.4791 3.00672
 10.4891 2.96743
 10.5143 2.92985
 10.5498 2.89209
 10.59 2.85157
 10.6302 2.8061
 10.6661 2.75512
 10.6935 2.70016
 10.7088 2.64407
 10.7105 2.58968
 10.7013 2.53887
 10.6877 2.49235
 10.6776 2.44995
 10.6768 2.41127
 10.6875 2.37612
 10.7085 2.3447
 10.7367 2.31738
 10.7683 2.29426
 10.8007 2.27471
 10.833 2.25722
93 1 3
 11.0152 3.6796
 11.0361 3.71392
 11.0571 3.74816
94 30 62
 10.6013 7.89117
 10.6309 8.12148
 10.6609 8.3362
 10.6881 8.52448
 10.7048 8.68197
 10.7002 8.80964
 10.6645 8.91184
 10.5943 8.99528
 10.4954 9.06887
 10.3832 9.14293
 10.2778 9.22708
 10.1973 9.32778
 10.1501 9.44685
 10.1334 9.58198
 10.1359 9.72881
 10.1448 9.8828
 10.1523 10.0395
 10.1585 10.1935
 10.1701 10.338
 10.1957 10.4663
 10.2409 10.5741
 10.3051 10.6611
 10.3822 10.7308
 10.4624 10.7886
 10.5346 10.84
 10.5897 10.889
 10.6232 10.9373
 10.638 10.9845
 10.6432 11.0297
 10.6503 11.0731
 10.6673 11.1182
 10.6957 11.1701
 10.7314 11.233
 10.7671 11.3081
 10.7954 11.3932
 10.8097 11.4842
 10.8051 11.5766
 10.7795 11.667
 10.7349 11.7539
 10.6763 11.8375
 10.6111 11.9203
 10.5466 12.0054
 10.4886 12.0952
 10.4396 12.1902
 10.3987 12.2895
 10.3625 12.3916
 10.3261 12.4948
 10.2842 12.5967
 10.2325 12.694
 10.1709 12.784
 10.1058 12.8663
 10.0493 12.9443
 10.0137 13.0228
 10.0049 13.1053
 10.0195 13.191
 10.0466 13.2769
 10.0749 13.3596
 10.0968 13.437
 10.1105 13.5073
 10.1178 13.5692
 10.1218 13.6229
 10.1247 13.6713
94 25 7
 10.6013 7.89117
 10.5721 7.71069
 10.542 7.54756
 10.5116 7.4128
 10.4826 7.30826
 10.4562 7.22776
 10.432 7.1603
95 39 20
 5.92015 27.6253
 5.78015 27.1701
 5.63859 26.7206
 5.49949 26.2886
 5.37259 25.8921
 5.26777 25.5457
 5.1883 25.2511
 5.12797 24.9935
 5.07345 24.7499
 5.00916 24.5026
 4.92151 24.2497
 4.80077 24.0085
 4.64103 23.8072
 4.4401 23.6745
 4.20151 23.628
 3.93757 23.6701
 3.66914 23.7874
 3.41813 23.9577
 3.19562 24.1574
 2.99443 24.3689
95 47 20
 5.92015 27.6253
 5.97708 28.059
 6.02922 28.4763
 6.07808 28.8741
 6.13157 29.2667
 6.19666 29.6756
 6.26906 30.1124
 6.32724 30.5645
 6.33673 30.9965
 6.26496 31.3682
 6.09965 31.6585
 5.85899 31.8771
 5.58521 32.0543
 5.32519 32.2202
 5.11133 32.3893
 4.95467 32.5589
 4.85031 32.7192
 4.78654 32.8623
 4.75021 32.9879
 4.72784 33.1026
96 47 20
 4.40147 36.0369
 4.75203 35.6521
 5.02565 35.3062
 5.16854 35.0271
 5.16435 34.8252
 5.03586 34.6908
 4.83459 34.5985
 4.62195 34.5168
 4.4477 34.4212
 4.33554 34.3025
 4.28268 34.164
 4.2716 34.0133
 4.28453 33.8561
 4.31197 33.6957
 4.35268 33.5376
 4.40851 33.3919
 4.47893 33.2714
 4.55925 33.1855
 4.6434 33.1335
 4.72784 33.1026
96 51 7
 4.40147 36.0369
 4.03344 36.6285
 3.68792 37.1986
 3.39085 37.7314
 3.16432 38.2195
 3.01126 38.6667
 2.90574 39.0889
97 34 3
 3.69766 39.0091
 4.16361 38.9028
 4.62888 38.7966
97 51 4
 3.69766 39.0091
 3.41391 39.0374
 3.14993 39.064
 2.90574 39.0889
98 23 6
 9.12554 37.8683
 9.45311 38.0768
 9.74832 38.2512
 9.99149 38.3727
 10.183 38.444
 10.3429 38.4858
98 0 3
 9.12554 37.8683
 9.08382 37.7081
 9.04229 37.5482
99 12 43
 9.98272 39.0735
 9.94769 39.4955
 9.90174 39.8771
 9.84151 40.1941
 9.77252 40.4452
 9.70451 40.6455
 9.64662 40.8142
 9.60616 40.9638
 9.58971 41.0984
 9.60332 41.2169
 9.65089 41.318
 9.73287 41.4026
 9.84633 41.4755
 9.98515 41.5457
 10.1392 41.6258
 10.2941 41.7281
 10.4344 41.8599
 10.5494 42.0214
 10.6381 42.2088
 10.7086 42.4196
 10.7732 42.6547
 10.8441 42.9141
 10.9306 43.1916
 11.037 43.4741
 11.1611 43.7468
 11.2952 43.9981
 11.4302 44.2195
 11.5606 44.403
 11.6871 44.5416
 11.8139 44.6346
 11.9445 44.692
 12.0779 44.732
 12.2086 44.7726
 12.3292 44.8236
 12.4331 44.8853
 12.5159 44.9525
 12.5768 45.0203
 12.6188 45.0858
 12.6482 45.1477
 12.6726 45.2049
 12.6983 45.2561
 12.7284 45.301
 12.7618 45.3418
99 23 6
 9.98272 39.0735
 10.0328 38.8939
 10.0933 38.7393
 10.1677 38.6234
 10.2529 38.5439
 10.3429 38.4858
100 43 15
 14.3264 30.4179
 14.0754 30.447
 13.8513 30.456
 13.671 30.4336
 13.5369 30.3802
 13.4399 30.3048
 13.3674 30.2179
 13.3101 30.1261
 13.2665 30.0299
 13.2407 29.9266
 13.2373 29.8143
 13.2567 29.6948
 13.2935 29.5735
 13.3398 29.4549
 13.3896 29.3397
100 32 10
 14.3264 30.4179
 14.5598 30.3337
 14.7708 30.2467
 14.949 30.1547
 15.1 30.0568
 15.2384 29.9542
 15.3761 29.8493
 15.5155 29.7442
 15.6532 29.6402
 15.7877 29.5372
101 29 88
 21.0788 38.7854
 20.892 39.141
 20.7495 39.5067
 20.6706 39.8834
 20.6432 40.2607
 20.6373 40.6227
 20.6232 40.9541
 20.5843 41.2446
 20.5179 41.4905
 20.4319 41.6942
 20.339 41.8639
 20.2528 42.0109
 20.1865 42.1477
 20.1517 42.2854
 20.1556 42.4305
 20.1974 42.5838
 20.2681 42.7393
 20.355 42.8863
 20.4505 43.0139
 20.5559 43.1161
 20.677 43.1967
 20.8136 43.2686
 20.952 43.348
 21.0674 43.4467
 21.1345 43.566
 21.1381 43.6986
 21.0796 43.8339
 20.9754 43.9638
 20.8498 44.0861
 20.727 44.2047
 20.6232 44.327
 20.5425 44.4602
 20.4781 44.6075
 20.4173 44.7678
 20.3481 44.9367
 20.2634 45.1099
 20.161 45.2862
 20.0422 45.4685
 19.9104 45.6618
 19.772 45.8686
 19.6356 46.086
 19.5083 46.3068
 19.3912 46.5226
 19.2797 46.7265
 19.1684 46.9141
 19.057 47.0836
 18.953 47.2371
 18.8662 47.38
 18.8029 47.5183
 18.7626 47.6547
 18.7404 47.7866
 18.7308 47.9072
 18.7299 48.0098
 18.736 48.0912
 18.7487 48.1537
 18.7685 48.2025
 18.7965 48.2426
 18.8345 48.2756
 18.885 48.3006
 18.9499 48.3165
 19.0292 48.3233
 19.1199 48.3223
 19.2167 48.3144
 19.3142 48.2993
 19.4075 48.2752
 19.4927 48.2403
 19.5662 48.1928
 19.6241 48.1322
 19.664 48.0602
 19.6868 47.9825
 19.6978 47.9074
 19.706 47.8425
 19.7205 47.7921
 19.7472 47.7562
 19.7869 47.7329
 19.8377 47.7206
 19.8976 47.7192
 19.966 47.7278
 20.0426 47.7435
 20.1257 47.7617
 20.2113 47.7783
 20.2951 47.7932
 20.3731 47.81
 20.4427 47.8324
 20.5018 47.8612
 20.5499 47.8938
 20.5884 47.9266
 20.6211 47.9582
101 5 50
 21.0788 38.7854
 21.4325 38.4661
 21.7611 38.1374
 22.0583 37.8044
 22.3404 37.4885
 22.6327 37.2147
 22.9524 36.9941
 23.299 36.8176
 23.6561 36.6646
 24.0002 36.5183
 24.3083 36.3751
 24.5621 36.2413
 24.7514 36.123
 24.8744 36.0188
 24.9361 35.9213
 24.9439 35.8218
 24.9044 35.7149
 24.8228 35.5998
 24.7045 35.4781
 24.5572 35.3524
 24.3909 35.2257
 24.2166 35.1008
 24.0448 34.979
 23.8853 34.8605
 23.7454 34.746
 23.6274 34.638
 23.5255 34.5405
 23.4295 34.4561
 23.3314 34.3828
 23.2331 34.3148
 23.1444 34.2458
 23.0747 34.172
 23.0249 34.0921
 22.9878 34.0043
 22.9546 33.9047
 22.9215 33.7883
 22.8888 33.6519
 22.8569 33.496
 22.823 33.3262
 22.7831 33.1513
 22.7358 32.981
 22.6842 32.8214
 22.6342 32.6726
 22.592 32.5302
 22.5614 32.389
 22.5437 32.248
 22.5373 32.1103
 22.539 31.9814
 22.5451 31.8639
 22.5529 31.7545
102 54 46
 21.4325 37.1727
 20.8588 37.039
 20.3201 36.8957
 19.8336 36.7365
 19.3942 36.5615
 18.9861 36.3784
 18.5982 36.203
 18.232 36.0553
 17.896 35.9544
 17.5955 35.9119
 17.3278 35.9269
 17.086 35.9872
 16.8654 36.0752
 16.6665 36.1758
 16.4908 36.2806
 16.3346 36.3875
 16.1875 36.4963
 16.0372 36.6058
 15.8759 36.7133
 15.7049 36.8161
 15.5327 36.9126
 15.3701 37.0025
 15.2252 37.0866
 15.1001 37.1672
 14.9916 37.2473
 14.894 37.3295
 14.8024 37.4131
 14.7154 37.493
 14.6338 37.5602
 14.5586 37.6058
 14.4893 37.6258
 14.4237 37.6237
 14.3591 37.6091
 14.2935 37.594
 14.2267 37.5872
 14.1607 37.5906
 14.1004 37.5985
 14.0524 37.5995
 14.0227 37.5817
 14.015 37.5384
 14.0287 37.4715
 14.0605 37.3897
 14.1052 37.3043
 14.1575 37.2241
 14.2134 37.1522
 14.2705 37.0861
102 5 47
 21.4325 37.1727
 21.9149 37.0736
 22.383 36.9752
 22.8281 36.8754
 23.2473 36.7682
 23.6385 36.6477
 23.9955 36.5137
 24.3073 36.3741
 24.562 36.2412
 24.7514 36.123
 24.8744 36.0188
 24.9361 35.9213
 24.9439 35.8218
 24.9044 35.7149
 24.8228 35.5998
 24.7045 35.4781
 24.5572 35.3524
 24.3909 35.2257
 24.2166 35.1008
 24.0448 34.979
 23.8853 34.8605
 23.7454 34.746
 23.6274 34.638
 23.5255 34.5405
 23.4295 34.4561
 23.3314 34.3828
 23.2331 34.3148
 23.1444 34.2458
 23.0747 34.172
 23.0249 34.0921
 22.9878 34.0043
 22.9546 33.9047
 22.9215 33.7883
 22.8888 33.6519
 22.8569 33.496
 22.823 33.3262
 22.7831 33.1513
 22.7358 32.981
 22.6842 32.8214
 22.6342 32.6726
 22.592 32.5302
 22.5614 32.389
 22.5437 32.248
 22.5373 32.1103
 22.539 31.9814
 22.5451 31.8639
 22.5529 31.7545
103 29 96
 14.7417 44.9387
 14.9549 44.9309
 15.1363 44.9306
 15.2598 44.9487
 15.3109 44.9991
 15.289 45.0935
 15.2081 45.2359
 15.0928 45.4195
 14.9709 45.6288
 14.8674 45.8431
 14.7993 46.0439
 14.7734 46.2216
 14.7864 46.3769
 14.8283 46.5179
 14.8884 46.6527
 14.9614 46.7854
 15.0482 46.916
 15.1504 47.0428
 15.2648 47.1635
 15.3812 47.2753
 15.4886 47.3749
 15.5799 47.4612
 15.6543 47.5372
 15.7147 47.6092
 15.7651 47.6832
 15.8109 47.7613
 15.8586 47.84
 15.9141 47.9131
 15.9801 47.9742
 16.0544 48.0197
 16.1313 48.0487
 16.2053 48.063
 16.2738 48.0664
 16.3374 48.064
 16.3993 48.0603
 16.463 48.057
 16.5319 48.0519
 16.608 48.04
 16.6917 48.0168
 16.7812 47.9819
 16.8726 47.9409
 16.9621 47.9036
 17.0481 47.8782
 17.1313 47.8667
 17.213 47.8642
 17.2936 47.8635
 17.373 47.8607
 17.4526 47.8576
 17.5365 47.8602
 17.6293 47.8746
 17.7335 47.9046
 17.8471 47.9497
 17.9643 48.0061
 18.0785 48.0682
 18.1847 48.1302
 18.2796 48.1866
 18.3618 48.233
 18.4318 48.2655
 18.4921 48.2818
 18.5463 48.2825
 18.5976 48.2719
 18.6472 48.2579
 18.6945 48.2491
 18.7393 48.2511
 18.7828 48.2641
 18.8291 48.2838
 18.8832 48.3032
 18.9495 48.3172
 19.0291 48.3234
 19.1199 48.3223
 19.2167 48.3144
 19.3142 48.2993
 19.4075 48.2752
 19.4927 48.2403
 19.5662 48.1928
 19.6241 48.1322
 19.664 48.0602
 19.6868 47.9825
 19.6978 47.9074
 19.706 47.8425
 19.7205 47.7921
 19.7472 47.7562
 19.7869 47.7329
 19.8377 47.7206
 19.8976 47.7192
 19.966 47.7278
 20.0426 47.7435
 20.1257 47.7617
 20.2113 47.7783
 20.2951 47.7932
 20.3731 47.81
 20.4427 47.8324
 20.5018 47.8612
 20.5499 47.8938
 20.5884 47.9266
 20.6211 47.9582
103 12 14
 14.7417 44.9387
 14.3831 44.8889
 14.0492 44.8552
 13.7597 44.8484
 13.5258 44.872
 13.3495 44.9219
 13.2232 44.9888
 13.1324 45.0611
 13.0613 45.1291
 12.9976 45.1874
 12.9357 45.2352
 12.8753 45.2748
 12.8175 45.3094
 12.7618 45.3418
104 3 75
 38.5163 45.8664
 38.5763 45.6007
 38.6298 45.3572
 38.672 45.1496
 38.7005 44.9807
 38.714 44.8474
 38.7116 44.7456
 38.6934 44.6726
 38.6614 44.6264
 38.6183 44.6032
 38.5663 44.5964
 38.506 44.5965
 38.4363 44.5945
 38.3553 44.5836
 38.2609 44.5609
 38.1508 44.5258
 38.023 44.4778
 37.8768 44.416
 37.7151 44.3402
 37.5456 44.2547
 37.3775 44.1697
 37.2165 44.1002
 37.0605 44.0595
 36.9006 44.0512
 36.7271 44.066
 36.5343 44.0863
 36.3228 44.0955
 36.0984 44.0842
 35.87 44.0514
 35.6474 44.0008
 35.4378 43.9362
 35.2428 43.8603
 35.0588 43.7764
 34.8817 43.691
 34.7104 43.6141
 34.5475 43.5552
 34.3958 43.5186
 34.2562 43.5015
 34.1284 43.4955
 34.013 43.493
 33.9123 43.4912
 33.8283 43.4937
 33.7604 43.508
 33.7036 43.541
 33.6513 43.5949
 33.5991 43.6666
 33.5461 43.7492
 33.4944 43.8349
 33.4443 43.9172
 33.3926 43.9905
 33.3334 44.049
 33.261 44.0869
 33.1722 44.0998
 33.067 44.0866
 32.9482 44.0494
 32.8202 43.9915
 32.6874 43.9161
 32.5522 43.8268
 32.4165 43.7279
 32.2838 43.6231
 32.1597 43.5143
 32.0497 43.4018
 31.9564 43.2876
 31.8777 43.1778
 31.8076 43.0804
 31.74 43.0014
 31.6705 42.9424
 31.5987 42.9022
 31.5277 42.8804
 31.4631 42.8782
 31.4111 42.8963
 31.376 42.9322
 31.3583 42.9802
 31.3545 43.034
 31.3582 43.0893
104 24 16
 38.5163 45.8664
 38.4375 46.1172
 38.3755 46.3421
 38.3393 46.5254
 38.3282 46.6652
 38.3348 46.7694
 38.3515 46.8487
 38.3746 46.9119
 38.4046 46.963
 38.4435 47.002
 38.4907 47.0268
 38.5407 47.036
 38.5853 47.0301
 38.6176 47.012
 38.6361 46.9858
 38.6457 46.9557
105 3 77
 41.4944 39.6674
 40.8994 40.5082
 40.3439 41.284
 39.8626 41.9561
 39.4789 42.5223
 39.199 43.0025
 39.0115 43.4157
 38.8924 43.7655
 38.8143 44.0446
 38.7544 44.2497
 38.6982 44.3892
 38.6399 44.4799
 38.5779 44.5374
 38.5113 44.5712
 38.4384 44.5849
 38.3559 44.5805
 38.261 44.5602
 38.1509 44.5257
 38.023 44.4778
 37.8768 44.416
 37.7151 44.3402
 37.5456 44.2547
 37.3775 44.1697
 37.2165 44.1002
 37.0605 44.0595
 36.9006 44.0512
 36.7271 44.066
 36.5343 44.0863
 36.3228 44.0955
 36.0984 44.0842
 35.87 44.0514
 35.6474 44.0008
 35.4378 43.9362
 35.2428 43.8603
 35.0588 43.7764
 34.8817 43.691
 34.7104 43.6141
 34.5475 43.5552
 34.3958 43.5186
 34.2562 43.5015
 34.1284 43.4955
 34.013 43.493
 33.9123 43.4912
 33.8283 43.4937
 33.7604 43.508
 33.7036 43.541
 33.6513 43.5949
 33.5991 43.6666
 33.5461 43.7492
 33.4944 43.8349
 33.4443 43.9172
 33.3926 43.9905
 33.3334 44.049
 33.261 44.0869
 33.1722 44.0998
 33.067 44.0866
 32.9482 44.0494
 32.8202 43.9915
 32.6874 43.9161
 32.5522 43.8268
 32.4165 43.7279
 32.2838 43.6231
 32.1597 43.5143
 32.0497 43.4018
 31.9564 43.2876
 31.8777 43.1778
 31.8076 43.0804
 31.74 43.0014
 31.6705 42.9424
 31.5987 42.9022
 31.5277 42.8804
 31.4631 42.8782
 31.4111 42.8963
 31.376 42.9322
 31.3583 42.9802
 31.3545 43.034
 31.3582 43.0893
105 13 9
 41.4944 39.6674
 42.2779 39.6453
 43.0461 39.6433
 43.7668 39.6637
 44.3951 39.6903
 44.8953 39.7012
 45.262 39.6849
 45.5226 39.6438
 45.726 39.5892
106 22 10
 42.5592 35.7575
 42.0093 35.2558
 41.4509 34.7983
 40.8806 34.3986
 40.3103 34.036
 39.7738 33.6794
 39.3159 33.3132
 38.9677 32.9448
 38.7251 32.5877
 38.5469 32.2438
106 4 7
 42.5592 35.7575
 43.0047 35.8377
 43.4147 35.8244
 43.7669 35.6765
 44.057 35.4161
 44.2968 35.0951
 44.5088 34.7545
107 35 18
 49.1088 2.20417
 49.0589 2.31935
 49.0044 2.41868
 48.9393 2.49168
 48.8541 2.53283
 48.7341 2.53741
 48.5611 2.50118
 48.3221 2.42582
 48.0196 2.32333
 47.6777 2.21198
 47.3349 2.10519
 47.0306 2.00322
 46.7923 1.89499
 46.6308 1.76774
 46.5433 1.61591
 46.5174 1.44291
 46.5346 1.2568
 46.5739 1.06514
107 26 13
 49.1088 2.20417
 49.1265 1.95774
 49.1467 1.71492
 49.1714 1.47853
 49.2013 1.25077
 49.2338 1.03459
 49.2626 0.835635
 49.279 0.663159
 49.2749 0.528175
 49.2466 0.43875
 49.1963 0.395131
 49.1302 0.388073
 49.0563 0.401046
108 16 60
 44.2181 13.2047
 44.824 12.9028
 45.4085 12.6648
 45.9568 12.5253
 46.4576 12.4829
 46.8975 12.5191
 47.2632 12.6243
 47.5513 12.8107
 47.7725 13.1033
 47.9462 13.5179
 48.0899 14.0424
 48.214 14.6339
 48.3239 15.2369
 48.4246 15.8108
 48.5215 16.3461
 48.6164 16.8556
 48.7021 17.3517
 48.7628 17.8335
 48.7807 18.2908
 48.7449 18.7185
 48.6579 19.1213
 48.536 19.5068
 48.4043 19.877
 48.2873 20.2257
 48.1969 20.5444
 48.1244 20.8281
 48.0453 21.0775
 47.9354 21.2974
 47.7868 21.4952
 47.6116 21.6818
 47.4317 21.8731
 47.2646 22.0897
 47.1147 22.3518
 46.973 22.6696
 46.8254 23.0359
 46.6625 23.4279
 46.4876 23.8155
 46.3188 24.1726
 46.1834 24.4833
 46.1066 24.7425
 46.0989 24.9539
 46.1478 25.126
 46.2219 25.2683
 46.2837 25.3885
 46.304 25.4912
 46.2675 25.5784
 46.1716 25.6511
 46.0218 25.7096
 45.8289 25.7556
 45.6083 25.7947
 45.3817 25.8379
 45.1769 25.9005
 45.0229 25.9963
 44.9395 26.13
 44.9284 26.292
 44.9734 26.4611
 45.0492 26.6134
 45.1332 26.733
 45.2131 26.8191
 45.2876 26.8843
108 27 26
 44.2181 13.2047
 43.8921 13.4355
 43.5965 13.6615
 43.3421 13.8831
 43.115 14.1077
 42.8872 14.3466
 42.6339 14.6094
 42.3477 14.8998
 42.042 15.2149
 41.745 15.5503
 41.4876 15.9061
 41.2903 16.2881
 41.1563 16.7003
 41.0752 17.1343
 41.0319 17.5664
 41.0161 17.9668
 41.0246 18.3139
 41.0547 18.6007
 41.0966 18.8333
 41.1304 19.0239
 41.1334 19.1865
 41.0919 19.3336
 41.0078 19.4732
 40.896 19.6074
 40.773 19.7357
 40.6483 19.8594
109 16 59
 45.0443 10.6296
 45.5107 11.2004
 45.9831 11.697
 46.4506 12.078
 46.8844 12.3508
 47.2545 12.5661
 47.5474 12.7943
 47.7713 13.0996
 47.946 13.5173
 48.0899 14.0423
 48.214 14.6339
 48.3239 15.2369
 48.4246 15.8108
 48.5215 16.3461
 48.6164 16.8556
 48.7021 17.3517
 48.7628 17.8335
 48.7807 18.2908
 48.7449 18.7185
 48.6579 19.1213
 48.536 19.5068
 48.4043 19.877
 48.2873 20.2257
 48.1969 20.5444
 48.1244 20.8281
 48.0453 21.0775
 47.9354 21.2974
 47.7868 21.4952
 47.6116 21.6818
 47.4317 21.8731
 47.2646 22.0897
 47.1147 22.3518
 46.973 22.6696
 46.8254 23.0359
 46.6625 23.4279
 46.4876 23.8155
 46.3188 24.1726
 46.1834 24.4833
 46.1066 24.7425
 46.0989 24.9539
 46.1478 25.126
 46.2219 25.2683
 46.2837 25.3885
 46.304 25.4912
 46.2675 25.5784
 46.1716 25.6511
 46.0218 25.7096
 45.8289 25.7556
 45.6083 25.7947
 45.3817 25.8379
 45.1769 25.9005
 45.0229 25.9963
 44.9395 26.13
 44.9284 26.292
 44.9734 26.4611
 45.0492 26.6134
 45.1332 26.733
 45.2131 26.8191
 45.2876 26.8843
109 53 10
 45.0443 10.6296
 44.8486 10.1199
 44.6193 9.67249
 44.3442 9.32171
 44.0404 9.06794
 43.7444 8.89177
 43.4918 8.77172
 43.2997 8.69178
 43.1621 8.63935
 43.0556 8.60139
110 15 15
 37.734 7.70884
 37.4101 7.69647
 37.0824 7.70533
 36.7441 7.74144
 36.3918 7.78711
 36.036 7.8046
 35.7027 7.75284
 35.4197 7.60975
 35.1988 7.38693
 35.0303 7.12623
 34.8923 6.87998
 34.7655 6.68762
 34.6411 6.56253
 34.5183 6.49365
 34.3973 6.45546
110 38 4
 37.734 7.70884
 38.0779 7.8523
 38.409 7.98649
 38.7272 8.11143
111 27 18
 39.4217 15.4929
 39.9039 15.772
 40.3214 16.0666
 40.6331 16.3928
 40.8314 16.7609
 40.9363 17.1649
 40.9815 17.5795
 41.0009 17.9715
 41.0209 18.3152
 41.054 18.601
 41.0965 18.8334
 41.1304 19.0239
 41.1334 19.1865
 41.0919 19.3336
 41.0078 19.4732
 40.896 19.6074
 40.773 19.7357
 40.6483 19.8594
111 18 9
 39.4217 15.4929
 38.7926 14.8859
 38.2106 14.3062
 37.7061 13.7774
 37.2875 13.3156
 36.9461 12.9274
 36.6661 12.6097
 36.4297 12.3484
 36.2165 12.1189
112 10 5
 46.4401 30.9302
 46.2261 30.8684
 46.0206 30.8094
 45.8274 30.7544
 45.6431 30.702
112 11 4
 46.4401 30.9302
 46.6702 31.107
 46.8905 31.2751
 47.101 31.4346
113 52 6
 35.0639 34.8652
 35.5081 34.4664
 35.9182 34.1175
 36.2744 33.8479
 36.5778 33.6561
 36.8493 33.5118
113 41 5
 35.0639 34.8652
 34.7655 35.0049
 34.5029 35.1456
 34.2907 35.2872
 34.1139 35.4292
114 22 6
 37.8339 33.7051
 38.0933 33.4505
 38.3048 33.1753
 38.4434 32.8754
 38.5146 32.5614
 38.5469 32.2438
114 52 4
 37.8339 33.7051
 37.4856 33.6304
 37.1574 33.5659
 36.8493 33.5118
115 5 68
 29.0052 34.61
 28.9497 35.1998
 28.8816 35.7367
 28.7924 36.1865
 28.6782 36.5384
 28.5384 36.795
 28.3758 36.9607
 28.198 37.0378
 28.0164 37.0328
 27.8406 36.9621
 27.6706 36.8526
 27.4957 36.7359
 27.3022 36.6383
 27.085 36.5736
 26.8526 36.5407
 26.6232 36.5277
 26.4141 36.5187
 26.235 36.5
 26.086 36.4623
 25.9613 36.4023
 25.8533 36.323
 25.7556 36.2318
 25.6645 36.1376
 25.5788 36.0481
 25.4994 35.9697
 25.4272 35.9084
 25.3618 35.8696
 25.301 35.8557
 25.243 35.863
 25.1876 35.8811
 25.1362 35.8948
 25.0893 35.8897
 25.0436 35.8565
 24.9914 35.7932
 24.9226 35.704
 24.8288 35.5963
 24.7062 35.4771
 24.5576 35.3521
 24.391 35.2257
 24.2166 35.1008
 24.0448 34.979
 23.8853 34.8605
 23.7454 34.746
 23.6274 34.638
 23.5255 34.5405
 23.4295 34.4561
 23.3314 34.3828
 23.2331 34.3148
 23.1444 34.2458
 23.0747 34.172
 23.0249 34.0921
 22.9878 34.0043
 22.9546 33.9047
 22.9215 33.7883
 22.8888 33.6519
 22.8569 33.496
 22.823 33.3262
 22.7831 33.1513
 22.7358 32.981
 22.6842 32.8214
 22.6342 32.6726
 22.592 32.5302
 22.5614 32.389
 22.5437 32.248
 22.5373 32.1103
 22.539 31.9814
 22.5451 31.8639
 22.5529 31.7545
115 48 24
 29.0052 34.61
 29.4128 34.1733
 29.8566 33.7915
 30.343 33.4941
 30.8448 33.2755
 31.3223 33.1038
 31.7471 32.9381
 32.1088 32.7443
 32.4045 32.504
 32.6281 32.2159
 32.7667 31.8926
 32.8067 31.5539
 32.7435 31.2197
 32.5917 30.9028
 32.3885 30.6053
 32.1865 30.3175
 32.0364 30.0237
 31.9699 29.7106
 31.991 29.3781
 32.0806 29.0428
 32.2084 28.7321
 32.3471 28.4698
 32.4809 28.2617
 32.608 28.0892
116 7 7
 20.9883 31.225
 21.1372 31.3551
 21.2655 31.4771
 21.3597 31.5845
 21.4171 31.6739
 21.445 31.7467
 21.4567 31.8097
116 20 4
 20.9883 31.225
 20.8283 31.0397
 20.6727 30.8613
 20.5213 30.6896
117 55 41
 14.8147 3.40673
 15.0114 3.23662
 15.2021 3.07591
 15.3803 2.93022
 15.541 2.80092
 15.6832 2.68758
 15.8113 2.59031
 15.9322 2.50952
 16.0518 2.44399
 16.171 2.38985
 16.2861 2.3419
 16.3914 2.29613
 16.482 2.25095
 16.556 2.20603
 16.6151 2.16045
 16.6642 2.11237
 16.7104 2.06029
 16.761 2.00415
 16.8203 1.94491
 16.8889 1.8834
 16.9628 1.82006
 17.0344 1.75538
 17.0937 1.68991
 17.131 1.62357
 17.1402 1.55534
 17.1207 1.48427
 17.0775 1.41111
 17.0193 1.33929
 16.9549 1.27451
 16.8916 1.22332
 16.834 1.19125
 16.7851 1.1811
 16.747 1.19173
 16.7225 1.21849
 16.7148 1.25513
 16.7262 1.29621
 16.755 1.33824
 16.7951 1.37935
 16.8387 1.4185
 16.8802 1.45533
 16.9187 1.49053
117 49 12
 14.8147 3.40673
 14.6315 3.54555
 14.4577 3.67522
 14.3007 3.78833
 14.1644 3.87958
 14.0498 3.94488
 13.9573 3.98095
 13.8886 3.98615
 13.8459 3.96186
 13.8291 3.9131
 13.8335 3.84752
 13.8499 3.77362
118 42 48
 17.677 15.8093
 16.8432 15.8169
 16.1043 15.9391
 15.509 16.2408
 15.0525 16.7142
 14.7059 17.2941
 14.4451 17.8968
 14.2555 18.4543
 14.118 18.9298
 13.9999 19.3133
 13.8621 19.613
 13.6766 19.8474
 13.4386 20.0384
 13.1643 20.2064
 12.8764 20.3671
 12.5887 20.5304
 12.2982 20.7011
 11.9908 20.8788
 11.6564 21.059
 11.3024 21.2344
 10.9578 21.3988
 10.6623 21.5506
 10.4457 21.6939
 10.3139 21.8342
 10.2488 21.9743
 10.2218 22.1124
 10.2105 22.2461
 10.2068 22.376
 10.2149 22.5054
 10.241 22.6382
 10.285 22.7766
 10.3399 22.9217
 10.3966 23.0736
 10.4487 23.2309
 10.493 23.3896
 10.5273 23.543
 10.5504 23.6856
 10.5638 23.8155
 10.5736 23.9358
 10.5892 24.0525
 10.6176 24.1723
 10.6593 24.3004
 10.7073 24.4383
 10.7517 24.583
 10.7845 24.7276
 10.8032 24.8645
 10.8104 24.9899
 10.8113 25.1069
118 46 9
 17.677 15.8093
 18.4452 15.7549
 19.1109 15.6592
 19.5969 15.4859
 19.8663 15.217
 19.9233 14.8652
 19.8048 14.4694
 19.5665 14.0691
 19.2689 13.679
119 15 10
 35.3332 5.25606
 35.0458 5.38567
 34.7919 5.50685
 34.5958 5.61901
 34.4667 5.73029
 34.3986 5.85134
 34.3744 5.98776
 34.3749 6.13769
 34.385 6.29526
 34.3973 6.45546
119 2 4
 35.3332 5.25606
 35.6003 5.16777
 35.848 5.08465
 36.0762 5.00669
127 31 99
 7.38561 0.0118194
 7.42129 0.0372731
 7.46195 0.0615609
 7.51258 0.0843494
 7.57716 0.106643
 7.65693 0.130743
 7.74937 0.159706
 7.84932 0.196531
 7.95149 0.243337
 8.0518 0.300744
 8.14647 0.367522
 8.23085 0.440226
 8.30098 0.512639
 8.3572 0.575754
 8.40591 0.619662
 8.45653 0.637558
 8.5157 0.629879
 8.58347 0.605482
 8.65483 0.578187
 8.72471 0.560083
 8.79194 0.555736
 8.85869 0.561325
 8.92694 0.569243
 8.99567 0.574319
 9.06157 0.576763
 9.12201 0.580265
 9.17716 0.587961
 9.22935 0.599895
 9.28062 0.613109
 9.33086 0.623109
 9.37799 0.625351
 9.41965 0.616611
 9.45492 0.596286
 9.48471 0.566867
 9.51074 0.532688
 9.53381 0.497317
 9.55321 0.46133
 9.56776 0.422283
 9.57797 0.377088
 9.5871 0.325158
 9.60016 0.270096
 9.62161 0.218767
 9.65348 0.178363
 9.69489 0.153382
 9.74262 0.144487
 9.79214 0.149957
 9.839 0.168267
 9.88026 0.199347
 9.91541 0.243331
 9.94621 0.298335
 9.97559 0.359703
 10.0059 0.421438
 10.0377 0.478354
 10.0694 0.527332
 10.0985 0.567371
 10.1231 0.599029
 10.1434 0.623804
 10.1614 0.643717
 10.1792 0.661104
 10.1988 0.678272
 10.2217 0.696822
 10.2492 0.717137
 10.2816 0.738799
 10.3178 0.761897
 10.3549 0.788098
 10.3897 0.820513
 10.4202 0.862481
 10.4465 0.916199
 10.4707 0.981847
 10.4957 1.05739
 10.5227 1.13918
 10.5501 1.22333
 10.5734 1.30721
 10.5881 1.39002
 10.5923 1.47195
 10.5874 1.55294
 10.5763 1.63198
 10.5605 1.70738
 10.5394 1.77736
 10.5123 1.8407
 10.4805 1.89723
 10.4475 1.94807
 10.4181 1.99533
 10.3964 2.04139
 10.3849 2.0879
 10.3849 2.13467
 10.3972 2.17904
 10.4219 2.21652
 10.4578 2.24291
 10.5017 2.25712
 10.5487 2.26233
 10.5943 2.2643
 10.6355 2.26772
 10.6722 2.27347
 10.7058 2.27885
 10.7381 2.28043
 10.77 2.2766
 10.8017 2.26815
 10.833 2.25722
128 16 65
 48.2465 9.89719
 48.5342 10.3517
 48.7987 10.7775
 49.0037 11.1444
 49.1067 11.4282
 49.082 11.6235
 48.9396 11.7475
 48.721 11.8331
 48.4784 11.9152
 48.2551 12.0213
 48.0789 12.1702
 47.9654 12.376
 47.9207 12.6529
 47.9409 13.0173
 48.0113 13.4788
 48.1107 14.028
 48.2193 14.6297
 48.3249 15.236
 48.4247 15.8107
 48.5215 16.3461
 48.6164 16.8556
 48.7021 17.3517
 48.7628 17.8335
 48.7807 18.2908
 48.7449 18.7185
 48.6579 19.1213
 48.536 19.5068
 48.4043 19.877
 48.2873 20.2257
 48.1969 20.5444
 48.1244 20.8281
 48.0453 21.0775
 47.9354 21.2974
 47.7868 21.4952
 47.6116 21.6818
 47.4317 21.8731
 47.2646 22.0897
 47.1147 22.3518
 46.973 22.6696
 46.8254 23.0359
 46.6625 23.4279
 46.4876 23.8155
 46.3188 24.1726
 46.1834 24.4833
 46.1066 24.7425
 46.0989 24.9539
 46.1478 25.126
 46.2219 25.2683
 46.2837 25.3885
 46.304 25.4912
 46.2675 25.5784
 46.1716 25.6511
 46.0218 25.7096
 45.8289 25.7556
 45.6083 25.7947
 45.3817 25.8379
 45.1769 25.9005
 45.0229 25.9963
 44.9395 26.13
 44.9284 26.292
 44.9734 26.4611
 45.0492 26.6134
 45.1332 26.733
 45.2131 26.8191
 45.2876 26.8843
129 29 110
 13.9907 49.9586
 14.0442 49.8987
 14.0976 49.8353
 14.1516 49.7665
 14.2064 49.6915
 14.2598 49.6102
 14.3062 49.522
 14.338 49.4267
 14.3502 49.3256
 14.344 49.2227
 14.3289 49.1238
 14.3183 49.0334
 14.3241 48.9528
 14.351 48.8796
 14.3954 48.811
 14.4502 48.7478
 14.5106 48.6954
 14.5762 48.6611
 14.6495 48.6469
 14.7306 48.6455
 14.8162 48.642
 14.9006 48.6202
 14.9797 48.5687
 15.0524 48.4857
 15.1197 48.3784
 15.1827 48.26
 15.2418 48.1434
 15.2964 48.037
 15.3456 47.9424
 15.3892 47.8574
 15.4279 47.7795
 15.4635 47.7086
 15.4986 47.6476
 15.5354 47.6014
 15.5762 47.5747
 15.6216 47.5704
 15.6704 47.5895
 15.7194 47.6307
 15.766 47.6907
 15.8109 47.7634
 15.8585 47.8405
 15.9141 47.9132
 15.9801 47.9742
 16.0544 48.0197
 16.1313 48.0487
 16.2053 48.063
 16.2738 48.0664
 16.3374 48.064
 16.3993 48.0603
 16.463 48.057
 16.5319 48.0519
 16.608 48.04
 16.6917 48.0168
 16.7812 47.9819
 16.8726 47.9409
 16.9621 47.9036
 17.0481 47.8782
 17.1313 47.8667
 17.213 47.8642
 17.2936 47.8635
 17.373 47.8607
 17.4526 47.8576
 17.5365 47.8602
 17.6293 47.8746
 17.7335 47.9046
 17.8471 47.9497
 17.9643 48.0061
 18.0785 48.0682
 18.1847 48.1302
 18.2796 48.1866
 18.3618 48.233
 18.4318 48.2655
 18.4921 48.2818
 18.5463 48.2825
 18.5976 48.2719
 18.6472 48.2579
 18.6945 48.2491
 18.7393 48.2511
 18.7828 48.2641
 18.8291 48.2838
 18.8832 48.3032
 18.9495 48.3172
 19.0291 48.3234
 19.1199 48.3223
 19.2167 48.3144
 19.3142 48.2993
 19.4075 48.2752
 19.4927 48.2403
 19.5662 48.1928
 19.6241 48.1322
 19.664 48.0602
 19.6868 47.9825
 19.6978 47.9074
 19.706 47.8425
 19.7205 47.7921
 19.7472 47.7562
 19.7869 47.7329
 19.8377 47.7206
 19.8976 47.7192
 19.966 47.7278
 20.0426 47.7435
 20.1257 47.7617
 20.2113 47.7783
 20.2951 47.7932
 20.3731 47.81
 20.4427 47.8324
 20.5018 47.8612
 20.5499 47.8938
 20.5884 47.9266
 20.6211 47.9582
130 6 42
 0.0552801 48.7859
 0.0967869 48.7714
 0.141888 48.7597
 0.192173 48.7548
 0.246426 48.7619
 0.301462 48.7848
 0.353973 48.825
 0.402048 48.8806
 0.445472 48.9469
 0.484987 49.018
 0.521419 49.0896
 0.555347 49.1607
 0.5874 49.2338
 0.618884 49.3124
 0.652224 49.3978
 0.690518 49.4873
 0.736113 49.5734
 0.789326 49.6463
 0.848858 49.6979
 0.913783 49.7255
 0.985001 49.732
 1.0642 49.7243
 1.15112 49.7087
 1.24213 49.6895
 1.33184 49.6678
 1.41678 49.643
 1.49771 49.6133
 1.57904 49.5767
 1.66569 49.5311
 1.75976 49.4747
 1.85902 49.4068
 1.95791 49.3293
 2.05004 49.2474
 2.13034 49.1669
 2.19642 49.0907
 2.2491 49.0182
 2.29231 48.9473
 2.33147 48.8783
 2.37089 48.8141
 2.41211 48.7585
 2.4545 48.7122
 2.49716 48.672
131 31 71
 13.8965 0.0381291
 13.8162 0.102447
 13.7222 0.16768
 13.6056 0.231137
 13.466 0.285561
 13.31 0.322159
 13.1462 0.336358
 12.9801 0.332527
 12.8129 0.32386
 12.6453 0.326771
 12.4803 0.353033
 12.323 0.404289
 12.1768 0.471691
 12.0409 0.540191
 11.9122 0.594937
 11.7882 0.626957
 11.6688 0.635939
 11.5558 0.628889
 11.4504 0.615297
 11.3527 0.601665
 11.2627 0.589142
 11.1806 0.575706
 11.1072 0.560553
 11.0433 0.546533
 10.989 0.538467
 10.9435 0.539038
 10.9045 0.546107
 10.868 0.554012
 10.8299 0.557916
 10.7877 0.557734
 10.7413 0.558575
 10.6927 0.56748
 10.6445 0.589005
 10.5988 0.622813
 10.5567 0.664669
 10.5199 0.709689
 10.4907 0.755323
 10.4714 0.802324
 10.4634 0.853655
 10.4662 0.912504
 10.4784 0.980533
 10.4982 1.057
 10.5234 1.13909
 10.5502 1.22331
 10.5735 1.30721
 10.5881 1.39002
 10.5923 1.47195
 10.5874 1.55294
 10.5763 1.63198
 10.5605 1.70738
 10.5394 1.77736
 10.5123 1.8407
 10.4805 1.89723
 10.4475 1.94807
 10.4181 1.99533
 10.3964 2.04139
 10.3849 2.0879
 10.3849 2.13467
 10.3972 2.17904
 10.4219 2.21652
 10.4578 2.24291
 10.5017 2.25712
 10.5487 2.26233
 10.5943 2.2643
 10.6355 2.26772
 10.6722 2.27347
 10.7058 2.27885
 10.7381 2.28043
 10.77 2.2766
 10.8017 2.26815
 10.833 2.25722
132 6 20
 2.5507 49.9089
 2.61152 49.8047
 2.66988 49.701
 2.72167 49.5995
 2.76105 49.5023
 2.78199 49.4112
 2.77991 49.3277
 2.75301 49.254
 2.70317 49.1925
 2.63625 49.1445
 2.56129 49.1077
 2.48845 49.0757
 2.42687 49.0404
 2.38344 48.9954
 2.36207 48.9392
 2.36313 48.8762
 2.38318 48.8139
 2.41608 48.7585
 2.45551 48.7122
 2.49716 48.672
133 55 39
 17.8991 0.0613527
 17.9059 0.131283
 17.9164 0.207155
 17.9313 0.291339
 17.9465 0.380571
 17.9553 0.466444
 17.9508 0.538559
 17.9295 0.588949
 17.8916 0.615368
 17.8399 0.621533
 17.7779 0.614727
 17.7088 0.603169
 17.6366 0.595017
 17.5665 0.598348
 17.5042 0.620098
 17.4533 0.663664
 17.414 0.727274
 17.3839 0.805129
 17.3594 0.890544
 17.3362 0.978324
 17.3093 1.0645
 17.2735 1.14428
 17.2258 1.21064
 17.1664 1.25559
 17.0987 1.27379
 17.0275 1.2661
 16.9574 1.24059
 16.8921 1.20993
 16.8341 1.18687
 16.7851 1.17994
 16.747 1.1915
 16.7224 1.21846
 16.7148 1.25513
 16.7262 1.29621
 16.755 1.33824
 16.7951 1.37935
 16.8387 1.4185
 16.8802 1.45533
 16.9187 1.49053
134 8 68
 49.8149 45.9133
 49.7246 46.0587
 49.6305 46.1984
 49.5306 46.3275
 49.4253 46.4439
 49.3158 46.5496
 49.2026 46.6505
 49.0856 46.753
 48.9651 46.8604
 48.843 46.9721
 48.7231 47.0855
 48.6101 47.1995
 48.5078 47.3159
 48.4174 47.4385
 48.3398 47.5692
 48.2788 47.7057
 48.2423 47.8403
 48.2386 47.9626
 48.2705 48.0624
 48.3328 48.1334
 48.4145 48.1747
 48.5053 48.1923
 48.5994 48.1971
 48.6955 48.2001
 48.7943 48.2076
 48.8956 48.2196
 48.9976 48.2337
 49.0964 48.2489
 49.1877 48.2676
 49.2674 48.2935
 49.3342 48.3293
 49.389 48.3749
 49.4343 48.4276
 49.4715 48.4834
 49.4995 48.5386
 49.5149 48.5901
 49.5132 48.6366
 49.4915 48.6786
 49.4499 48.7197
 49.3917 48.7656
 49.3239 48.8227
 49.2552 48.8946
 49.1938 48.9799
 49.1445 49.0732
 49.1075 49.1676
 49.0796 49.257
 49.0579 49.3371
 49.0419 49.4046
 49.0345 49.4569
 49.0387 49.4926
 49.0558 49.5135
 49.0837 49.5247
 49.1184 49.5335
 49.1559 49.5465
 49.1944 49.5663
 49.2345 49.5913
 49.2776 49.6159
 49.3245 49.6337
 49.3737 49.6394
 49.4223 49.6303
 49.4686 49.6064
 49.5135 49.5714
 49.5596 49.5319
 49.6086 49.4964
 49.6591 49.4721
 49.7075 49.462
 49.7509 49.4643
 49.7903 49.4737
135 16 16
 49.7948 28.4114
 49.5195 28.5191
 49.1789 28.6116
 48.738 28.6631
 48.2066 28.6411
 47.6311 28.5253
 47.0706 28.3242
 46.5727 28.0742
 46.1624 27.8195
 45.844 27.5915
 45.6102 27.4017
 45.4494 27.2486
 45.3497 27.1263
 45.2991 27.0294
 45.284 26.9516
 45.2876 26.8843
136 39 18
 2.59893 20.4007
 3.12967 20.4227
 3.64404 20.4919
 4.11659 20.6368
 4.51482 20.8612
 4.81103 21.1516
 4.99287 21.4893
 5.06409 21.8569
 5.03766 22.2347
 4.92866 22.5966
 4.75134 22.9155
 4.51985 23.1763
 4.25034 23.3865
 3.96273 23.5703
 3.67989 23.7531
 3.42185 23.9481
 3.19661 24.1553
 2.99443 24.3689
137 55 24
 16.1133 0.0235271
 16.0334 0.106655
 15.9563 0.201847
 15.889 0.316818
 15.8429 0.452036
 15.8287 0.600175
 15.8505 0.748206
 15.903 0.881807
 15.974 0.990586
 16.0502 1.0716
 16.1228 1.1292
 16.1885 1.17148
 16.2488 1.20578
 16.3067 1.23582
 16.3656 1.26186
 16.4278 1.28305
 16.4944 1.3
 16.5652 1.31572
 16.638 1.3343
 16.7092 1.35853
 16.7747 1.38846
 16.831 1.42191
 16.8779 1.45633
 16.9187 1.49053
138 8 5
 49.9613 49.611
 49.9143 49.5746
 49.8698 49.5394
 49.8288 49.5059
 49.7903 49.4737
139 31 59
 9.62092 0.0452325
 9.6436 0.0643897
 9.67114 0.0832147
 9.70633 0.101611
 9.74868 0.120056
 9.79476 0.140154
 9.83991 0.165002
 9.88051 0.198472
 9.91546 0.24315
 9.94622 0.298308
 9.97559 0.3597
 10.0059 0.421438
 10.0377 0.478354
 10.0694 0.527332
 10.0985 0.567371
 10.1231 0.599029
 10.1434 0.623804
 10.1614 0.643717
 10.1792 0.661104
 10.1988 0.678272
 10.2217 0.696822
 10.2492 0.717137
 10.2816 0.738799
 10.3178 0.761897
 10.3549 0.788098
 10.3897 0.820513
 10.4202 0.862481
 10.4465 0.916199
 10.4707 0.981847
 10.4957 1.05739
 10.5227 1.13918
 10.5501 1.22333
 10.5734 1.30721
 10.5881 1.39002
 10.5923 1.47195
 10.5874 1.55294
 10.5763 1.63198
 10.5605 1.70738
 10.5394 1.77736
 10.5123 1.8407
 10.4805 1.89723
 10.4475 1.94807
 10.4181 1.99533
 10.3964 2.04139
 10.3849 2.0879
 10.3849 2.13467
 10.3972 2.17904
 10.4219 2.21652
 10.4578 2.24291
 10.5017 2.25712
 10.5487 2.26233
 10.5943 2.2643
 10.6355 2.26772
 10.6722 2.27347
 10.7058 2.27885
 10.7381 2.28043
 10.77 2.2766
 10.8017 2.26815
 10.833 2.25722
140 36 19
 29.9439 49.8783
 29.899 49.6558
 29.8591 49.4439
 29.8249 49.246
 29.7927 49.0558
 29.757 48.8616
 29.7171 48.6552
 29.6802 48.4385
 29.6588 48.2235
 29.6639 48.0257
 29.698 47.8565
 29.7545 47.7206
 29.8228 47.6173
 29.8947 47.5423
 29.9659 47.4892
 30.0339 47.4506
 30.0961 47.4199
 30.1509 47.3928
 30.2004 47.3669
141 55 40
 18.261 0.0292557
 18.2701 0.106995
 18.2691 0.184177
 18.2513 0.261444
 18.2148 0.339899
 18.1631 0.418617
 18.1026 0.49279
 18.0389 0.554777
 17.9753 0.597811
 17.912 0.619619
 17.8476 0.623287
 17.7803 0.615333
 17.7094 0.603338
 17.6367 0.595054
 17.5666 0.598353
 17.5042 0.620099
 17.4533 0.663664
 17.414 0.727274
 17.3839 0.805129
 17.3594 0.890544
 17.3362 0.978324
 17.3093 1.0645
 17.2735 1.14428
 17.2258 1.21064
 17.1664 1.25559
 17.0987 1.27379
 17.0275 1.2661
 16.9574 1.24059
 16.8921 1.20993
 16.8341 1.18687
 16.7851 1.17994
 16.747 1.1915
 16.7224 1.21846
 16.7148 1.25513
 16.7262 1.29621
 16.755 1.33824
 16.7951 1.37935
 16.8387 1.4185
 16.8802 1.45533
 16.9187 1.49053
142 35 9
 46.7057 0.00772979
 46.6447 0.174926
 46.5964 0.334655
 46.5667 0.482211
 46.5538 0.616697
 46.552 0.739844
 46.5563 0.854024
 46.5642 0.961502
 46.5739 1.06514
143 29 71
 18.8107 49.9599
 18.8068 49.9232
 18.7958 49.8821
 18.7743 49.8336
 18.7437 49.7771
 18.7083 49.7152
 18.672 49.6531
 18.6369 49.5961
 18.6028 49.5475
 18.5688 49.5074
 18.5348 49.4726
 18.5015 49.4392
 18.4691 49.4043
 18.4362 49.3671
 18.4007 49.3293
 18.3626 49.2929
 18.3259 49.2589
 18.2969 49.2255
 18.2809 49.1891
 18.2791 49.1461
 18.2891 49.0957
 18.307 49.0407
 18.3294 48.9851
 18.354 48.9313
 18.3798 48.879
 18.4068 48.8262
 18.4354 48.7711
 18.4648 48.7129
 18.4931 48.6513
 18.5174 48.5873
 18.536 48.5232
 18.5489 48.4623
 18.559 48.4079
 18.5714 48.3611
 18.5907 48.3212
 18.6195 48.2883
 18.6564 48.2638
 18.6978 48.2509
 18.7402 48.2515
 18.783 48.2642
 18.8291 48.2838
 18.8832 48.3033
 18.9495 48.3172
 19.0291 48.3234
 19.1199 48.3223
 19.2167 48.3144
 19.3142 48.2993
 19.4075 48.2752
 19.4927 48.2403
 19.5662 48.1928
 19.6241 48.1322
 19.664 48.0602
 19.6868 47.9825
 19.6978 47.9074
 19.706 47.8425
 19.7205 47.7921
 19.7472 47.7562
 19.7869 47.7329
 19.8377 47.7206
 19.8976 47.7192
 19.966 47.7278
 20.0426 47.7435
 20.1257 47.7617
 20.2113 47.7783
 20.2951 47.7932
 20.3731 47.81
 20.4427 47.8324
 20.5018 47.8612
 20.5499 47.8938
 20.5884 47.9266
 20.6211 47.9582
144 39 22
 0.126498 28.1469
 0.278907 28.0599
 0.435738 27.9569
 0.594923 27.827
 0.748549 27.6671
 0.89017 27.4807
 1.02146 27.2742
 1.15205 27.0553
 1.29341 26.8318
 1.45247 26.6122
 1.6288 26.4057
 1.81551 26.2184
 2.00245 26.0496
 2.18045 25.8907
 2.34467 25.7281
 2.49459 25.5501
 2.63037 25.3523
 2.74932 25.1406
 2.84599 24.9275
 2.91643 24.7259
 2.96271 24.5413
 2.99443 24.3689
145 47 14
 0.760359 31.4271
 1.35194 31.4558
 1.96361 31.503
 2.59547 31.581
 3.21935 31.6932
 3.78589 31.8366
 4.24313 32.0042
 4.55822 32.1871
 4.73156 32.3742
 4.79486 32.5544
 4.79437 32.7186
 4.77067 32.8626
 4.74674 32.9881
 4.72784 33.1026
146 29 79
 15.5008 49.9892
 15.6288 49.944
 15.7654 49.8883
 15.9144 49.8152
 16.0732 49.7226
 16.2347 49.6122
 16.3891 49.4879
 16.5263 49.3555
 16.6378 49.2212
 16.7181 49.0908
 16.766 48.967
 16.7839 48.85
 16.7759 48.7384
 16.7473 48.6318
 16.7043 48.5306
 16.6557 48.4356
 16.6122 48.3474
 16.5842 48.2678
 16.579 48.1986
 16.5993 48.1402
 16.6441 48.0896
 16.7093 48.0416
 16.7889 47.9928
 16.8755 47.945
 16.9631 47.9049
 17.0484 47.8785
 17.1314 47.8667
 17.213 47.8642
 17.2936 47.8635
 17.373 47.8607
 17.4526 47.8576
 17.5365 47.8602
 17.6293 47.8746
 17.7335 47.9046
 17.8471 47.9497
 17.9643 48.0061
 18.0785 48.0682
 18.1847 48.1302
 18.2796 48.1866
 18.3618 48.233
 18.4318 48.2655
 18.4921 48.2818
 18.5463 48.2825
 18.5976 48.2719
 18.6472 48.2579
 18.6945 48.2491
 18.7393 48.2511
 18.7828 48.2641
 18.8291 48.2838
 18.8832 48.3032
 18.9495 48.3172
 19.0291 48.3234
 19.1199 48.3223
 19.2167 48.3144
 19.3142 48.2993
 19.4075 48.2752
 19.4927 48.2403
 19.5662 48.1928
 19.6241 48.1322
 19.664 48.0602
 19.6868 47.9825
 19.6978 47.9074
 19.706 47.8425
 19.7205 47.7921
 19.7472 47.7562
 19.7869 47.7329
 19.8377 47.7206
 19.8976 47.7192
 19.966 47.7278
 20.0426 47.7435
 20.1257 47.7617
 20.2113 47.7783
 20.2951 47.7932
 20.3731 47.81
 20.4427 47.8324
 20.5018 47.8612
 20.5499 47.8938
 20.5884 47.9266
 20.6211 47.9582
147 35 26
 43.4478 0.249608
 42.9186 0.57743
 42.4541 0.885406
 42.1046 1.15699
 41.8946 1.38428
 41.8195 1.57156
 41.8533 1.73205
 41.9636 1.87946
 42.1264 2.02167
 42.3326 2.16106
 42.5859 2.29876
 42.8966 2.4364
 43.2769 2.57221
 43.7351 2.69479
 44.2637 2.7816
 44.8288 2.80663
 45.3715 2.75393
 45.8282 2.62737
 46.1567 2.44892
 46.3518 2.24664
 46.4414 2.04153
 46.4697 1.84197
 46.4784 1.64711
 46.4948 1.45357
 46.5283 1.2596
 46.5739 1.06514
148 16 35
 48.9405 21.0529
 48.6139 21.2127
 48.2915 21.3721
 47.9836 21.5324
 47.7058 21.698
 47.4699 21.8791
 47.2774 22.0916
 47.1181 22.3523
 46.9738 22.6696
 46.8255 23.0359
 46.6625 23.4279
 46.4876 23.8155
 46.3188 24.1726
 46.1834 24.4833
 46.1066 24.7425
 46.0989 24.9539
 46.1478 25.126
 46.2219 25.2683
 46.2837 25.3885
 46.304 25.4912
 46.2675 25.5784
 46.1716 25.6511
 46.0218 25.7096
 45.8289 25.7556
 45.6083 25.7947
 45.3817 25.8379
 45.1769 25.9005
 45.0229 25.9963
 44.9395 26.13
 44.9284 26.292
 44.9734 26.4611
 45.0492 26.6134
 45.1332 26.733
 45.2131 26.8191
 45.2876 26.8843
149 35 17
 49.0524 2.64312
 48.9977 2.61663
 48.9344 2.59625
 48.8513 2.57983
 48.7328 2.55509
 48.5606 2.50664
 48.3219 2.42717
 48.0196 2.32359
 47.6777 2.21201
 47.3349 2.10519
 47.0306 2.00322
 46.7923 1.89499
 46.6308 1.76774
 46.5433 1.61591
 46.5174 1.44291
 46.5346 1.2568
 46.5739 1.06514
150 16 47
 49.864 17.3887
 49.713 17.543
 49.5525 17.7199
 49.3811 17.9345
 49.2055 18.1908
 49.0339 18.485
 48.8693 18.8098
 48.7093 19.1575
 48.5535 19.5187
 48.409 19.8801
 48.2883 20.2263
 48.197 20.5445
 48.1244 20.8281
 48.0453 21.0775
 47.9354 21.2974
 47.7868 21.4952
 47.6116 21.6818
 47.4317 21.8731
 47.2646 22.0897
 47.1147 22.3518
 46.973 22.6696
 46.8254 23.0359
 46.6625 23.4279
 46.4876 23.8155
 46.3188 24.1726
 46.1834 24.4833
 46.1066 24.7425
 46.0989 24.9539
 46.1478 25.126
 46.2219 25.2683
 46.2837 25.3885
 46.304 25.4912
 46.2675 25.5784
 46.1716 25.6511
 46.0218 25.7096
 45.8289 25.7556
 45.6083 25.7947
 45.3817 25.8379
 45.1769 25.9005
 45.0229 25.9963
 44.9395 26.13
 44.9284 26.292
 44.9734 26.4611
 45.0492 26.6134
 45.1332 26.733
 45.2131 26.8191
 45.2876 26.8843
151 6 23
 1.79495 49.9743
 1.80024 49.9352
 1.79997 49.8917
 1.79038 49.8418
 1.77085 49.7868
 1.7444 49.7305
 1.71771 49.6764
 1.70051 49.626
 1.7033 49.5779
 1.73356 49.5281
 1.79208 49.4716
 1.87212 49.4049
 1.96231 49.3285
 2.05122 49.2472
 2.13059 49.1668
 2.19645 49.0907
 2.2491 49.0182
 2.29231 48.9473
 2.33147 48.8783
 2.37089 48.8141
 2.41211 48.7585
 2.4545 48.7122
 2.49716 48.672
152 29 161
 7.26111 49.8956
 7.31233 49.9116
 7.37548 49.9256
 7.45827 49.9336
 7.5613 49.9294
 7.67839 49.9048
 7.80016 49.8526
 7.91936 49.7693
 8.03399 49.6595
 8.1464 49.5361
 8.25963 49.4185
 8.37418 49.3266
 8.48734 49.2755
 8.59546 49.2717
 8.69777 49.3121
 8.79943 49.3836
 8.91096 49.4678
 9.04315 49.5463
 9.20063 49.6073
 9.37863 49.6458
 9.56555 49.6617
 9.74965 49.6577
 9.9252 49.6403
 10.0939 49.6202
 10.2615 49.6087
 10.4328 49.6126
 10.6092 49.6307
 10.7893 49.6548
 10.9713 49.6737
 11.1534 49.6803
 11.3342 49.6752
 11.5118 49.6661
 11.6833 49.6625
 11.8455 49.6693
 11.9955 49.6834
 12.1321 49.6962
 12.2568 49.6971
 12.374 49.6774
 12.4891 49.6326
 12.607 49.564
 12.7295 49.4794
 12.8553 49.3915
 12.9812 49.3145
 13.1048 49.2603
 13.2262 49.2357
 13.3459 49.2419
 13.4627 49.2749
 13.5733 49.3264
 13.6741 49.3864
 13.7641 49.4449
 13.8455 49.495
 13.9214 49.5342
 13.994 49.5629
 14.0641 49.5816
 14.1315 49.5885
 14.1959 49.5788
 14.2552 49.5474
 14.3045 49.4919
 14.3375 49.4146
 14.3501 49.3216
 14.344 49.2217
 14.3289 49.1236
 14.3183 49.0334
 14.3241 48.9528
 14.351 48.8796
 14.3954 48.811
 14.4502 48.7478
 14.5106 48.6954
 14.5762 48.6611
 14.6495 48.6469
 14.7306 48.6455
 14.8162 48.642
 14.9006 48.6202
 14.9797 48.5687
 15.0524 48.4857
 15.1197 48.3784
 15.1827 48.26
 15.2418 48.1434
 15.2964 48.037
 15.3456 47.9424
 15.3892 47.8574
 15.4279 47.7795
 15.4635 47.7086
 15.4986 47.6476
 15.5354 47.6014
 15.5762 47.5747
 15.6216 47.5704
 15.6704 47.5895
 15.7194 47.6307
 15.766 47.6907
 15.8109 47.7634
 15.8585 47.8405
 15.9141 47.9132
 15.9801 47.9742
 16.0544 48.0197
 16.1313 48.0487
 16.2053 48.063
 16.2738 48.0664
 16.3374 48.064
 16.3993 48.0603
 16.463 48.057
 16.5319 48.0519
 16.608 48.04
 16.6917 48.0168
 16.7812 47.9819
 16.8726 47.9409
 16.9621 47.9036
 17.0481 47.8782
 17.1313 47.8667
 17.213 47.8642
 17.2936 47.8635
 17.373 47.8607
 17.4526 47.8576
 17.5365 47.8602
 17.6293 47.8746
 17.7335 47.9046
 17.8471 47.9497
 17.9643 48.0061
 18.0785 48.0682
 18.1847 48.1302
 18.2796 48.1866
 18.3618 48.233
 18.4318 48.2655
 18.4921 48.2818
 18.5463 48.2825
 18.5976 48.2719
 18.6472 48.2579
 18.6945 48.2491
 18.7393 48.2511
 18.7828 48.2641
 18.8291 48.2838
 18.8832 48.3032
 18.9495 48.3172
 19.0291 48.3234
 19.1199 48.3223
 19.2167 48.3144
 19.3142 48.2993
 19.4075 48.2752
 19.4927 48.2403
 19.5662 48.1928
 19.6241 48.1322
 19.664 48.0602
 19.6868 47.9825
 19.6978 47.9074
 19.706 47.8425
 19.7205 47.7921
 19.7472 47.7562
 19.7869 47.7329
 19.8377 47.7206
 19.8976 47.7192
 19.966 47.7278
 20.0426 47.7435
 20.1257 47.7617
 20.2113 47.7783
 20.2951 47.7932
 20.3731 47.81
 20.4427 47.8324
 20.5018 47.8612
 20.5499 47.8938
 20.5884 47.9266
 20.6211 47.9582
153 8 73
 46.4243 49.5629
 46.3085 49.4497
 46.2099 49.3232
 46.1395 49.1759
 46.1 49.0101
 46.0877 48.8372
 46.096 48.6731
 46.119 48.5306
 46.1524 48.415
 46.1927 48.3236
 46.2388 48.2494
 46.292 48.1866
 46.3559 48.1349
 46.4333 48.0986
 46.5223 48.0845
 46.6155 48.0985
 46.7039 48.1421
 46.7816 48.2109
 46.8489 48.294
 46.9108 48.3759
 46.973 48.4418
 47.038 48.4828
 47.1047 48.4985
 47.1701 48.4959
 47.2332 48.4853
 47.2959 48.4771
 47.3617 48.4796
 47.4319 48.498
 47.5032 48.534
 47.5693 48.5865
 47.6243 48.652
 47.6674 48.7246
 47.7029 48.7977
 47.7385 48.8654
 47.7804 48.9248
 47.8307 48.9772
 47.8871 49.0265
 47.9445 49.0776
 47.9981 49.1337
 48.0458 49.1952
 48.0882 49.26
 48.1278 49.325
 48.1665 49.3876
 48.2062 49.4461
 48.2499 49.4987
 48.3019 49.543
 48.3667 49.5756
 48.4459 49.594
 48.5355 49.5989
 48.6277 49.5942
 48.7143 49.5856
 48.7906 49.5771
 48.8564 49.5698
 48.9146 49.5624
 48.9681 49.5539
 49.0187 49.5452
 49.0667 49.5389
 49.1117 49.539
 49.1537 49.5482
 49.1938 49.5668
 49.2343 49.5914
 49.2776 49.6159
 49.3245 49.6337
 49.3737 49.6394
 49.4223 49.6303
 49.4686 49.6064
 49.5135 49.5714
 49.5596 49.5319
 49.6086 49.4964
 49.6591 49.4721
 49.7075 49.462
 49.7509 49.4643
 49.7903 49.4737
154 45 8
 0.106076 35.5171
 0.231785 35.7337
 0.349727 35.9708
 0.456139 36.2394
 0.552257 36.5353
 0.642095 36.8426
 0.729416 37.1455
 0.816187 37.4401
155 56 46
 0.122934 17.1028
 0.326195 16.9292
 0.525153 16.7337
 0.717301 16.5112
 0.900263 16.275
 1.06841 16.0432
 1.21289 15.8225
 1.32686 15.6026
 1.41125 15.3624
 1.4756 15.0829
 1.53341 14.7597
 1.59653 14.4068
 1.67189 14.051
 1.76079 13.7185
 1.85914 13.4238
 1.95846 13.1685
 2.0481 12.9474
 2.118 12.7565
 2.16136 12.5957
 2.17652 12.465
 2.16804 12.3611
 2.14652 12.2758
 2.12652 12.2002
 2.12301 12.128
 2.14769 12.059
 2.20714 11.9967
 2.30289 11.9439
 2.43207 11.8974
 2.58788 11.8476
 2.75991 11.7831
 2.93536 11.6972
 3.1016 11.5921
 3.24937 11.4781
 3.3749 11.368
 3.47954 11.2715
 3.56716 11.192
 3.64118 11.1263
 3.70352 11.0672
 3.75577 11.0067
 3.80106 10.9396
 3.84431 10.8646
 3.89019 10.7847
 3.94036 10.7052
 3.99282 10.6307
 4.04452 10.5631
 4.0945 10.5004
156 21 43
 0.390772 3.85684
 0.44423 3.85709
 0.495544 3.83924
 0.545926 3.79531
 0.601106 3.73059
 0.669511 3.65756
 0.75856 3.58505
 0.871034 3.51168
 1.00322 3.42886
 1.1457 3.33038
 1.28664 3.21964
 1.41636 3.10858
 1.531 3.01039
 1.63363 2.93279
 1.73292 2.87575
 1.84075 2.83242
 1.96906 2.79073
 2.12564 2.73603
 2.30939 2.65632
 2.50764 2.54838
 2.69837 2.41996
 2.85715 2.28536
 2.9651 2.15765
 3.01401 2.04349
 3.00664 1.94345
 2.95383 1.85572
 2.87065 1.7791
 2.77305 1.71323
 2.67559 1.65719
 2.59021 1.60871
 2.52585 1.5646
 2.48795 1.52162
 2.47746 1.47694
 2.48975 1.4282
 2.51517 1.37379
 2.54181 1.31324
 2.55907 1.2473
 2.56032 1.17785
 2.54376 1.10776
 2.51169 1.0405
 2.46882 0.979068
 2.42006 0.924366
 2.36902 0.874184
157 50 7
 30.1708 0.391683
 30.2239 0.512637
 30.2728 0.638338
 30.3152 0.769761
 30.3518 0.903887
 30.3846 1.03701
 30.4158 1.16814
158 13 10
 49.5098 38.7768
 48.7055 38.8335
 47.9639 38.9118
 47.3323 39.0194
 46.8328 39.1467
 46.4612 39.2741
 46.1945 39.3843
 46.0018 39.4704
 45.8537 39.5356
 45.726 39.5892
159 21 32
 0.167521 0.0222233
 0.213281 0.0667566
 0.267543 0.105244
 0.335852 0.132941
 0.419333 0.14809
 0.515616 0.153115
 0.621379 0.154136
 0.734013 0.159173
 0.850263 0.176518
 0.962798 0.213812
 1.05852 0.276736
 1.12198 0.366824
 1.14319 0.480177
 1.12534 0.609422
 1.08687 0.748106
 1.05587 0.893286
 1.05936 1.04322
 1.11302 1.19225
 1.21594 1.32827
 1.35207 1.43567
 1.49726 1.50143
 1.62922 1.51993
 1.73608 1.49437
 1.81943 1.43514
 1.89016 1.35601
 1.9602 1.26961
 2.03567 1.18439
 2.11499 1.10465
 2.19189 1.03284
 2.26027 0.970927
 2.31818 0.919184
 2.36902 0.874184
160 37 9
 49.9885 34.9142
 49.8391 34.6185
 49.6817 34.3373
 49.5097 34.088
 49.3195 33.8896
 49.1116 33.7573
 48.89 33.6953
 48.6604 33.6929
 48.4277 33.7246
161 56 36
 0.0715074 11.9408
 0.320821 11.88
 0.583182 11.8374
 0.856528 11.8255
 1.12032 11.8472
 1.34605 11.8957
 1.51331 11.9591
 1.62049 12.0256
 1.68398 12.0867
 1.72829 12.1368
 1.77415 12.1703
 1.83186 12.1812
 1.90216 12.1649
 1.98209 12.1232
 2.07066 12.065
 2.17098 12.0035
 2.28855 11.9481
 2.42737 11.8992
 2.58664 11.8482
 2.75966 11.7833
 2.93533 11.6972
 3.1016 11.5921
 3.24937 11.4781
 3.3749 11.368
 3.47954 11.2715
 3.56716 11.192
 3.64118 11.1263
 3.70352 11.0672
 3.75577 11.0067
 3.80106 10.9396
 3.84431 10.8646
 3.89019 10.7847
 3.94036 10.7052
 3.99282 10.6307
 4.04452 10.5631
 4.0945 10.5004
162 6 55
 0.0468164 46.0926
 0.180708 46.0641
 0.31225 46.0236
 0.437653 45.9678
 0.552814 45.9049
 0.65575 45.8499
 0.747003 45.8164
 0.827278 45.8102
 0.895134 45.8284
 0.947536 45.8632
 0.982881 45.907
 1.00344 45.9547
 1.01473 46.0036
 1.02236 46.0523
 1.02907 46.1002
 1.03475 46.1471
 1.03886 46.1932
 1.04291 46.2379
 1.05063 46.2801
 1.06557 46.3194
 1.0885 46.3577
 1.11705 46.3979
 1.14818 46.4413
 1.181 46.4855
 1.21736 46.5248
 1.25971 46.5534
 1.30857 46.5683
 1.36174 46.5713
 1.41597 46.5677
 1.46942 46.5647
 1.52317 46.5685
 1.58083 46.583
 1.64616 46.6091
 1.72005 46.6464
 1.79856 46.6951
 1.87326 46.7572
 1.93367 46.8367
 1.97035 46.9378
 1.97734 47.0618
 1.95402 47.2047
 1.90696 47.357
 1.85082 47.508
 1.80601 47.6509
 1.79169 47.7849
 1.81774 47.9115
 1.88146 48.0297
 1.97122 48.1345
 2.07319 48.2212
 2.17585 48.2901
 2.27055 48.3478
 2.35061 48.4031
 2.41178 48.4626
 2.45355 48.5285
 2.47967 48.5991
 2.49716 48.672
163 16 61
 49.8315 11.8112
 49.469 11.8172
 49.1176 11.8317
 48.7903 11.8641
 48.5007 11.9247
 48.2609 12.0237
 48.0801 12.1707
 47.9656 12.376
 47.9207 12.653
 47.9409 13.0173
 48.0113 13.4788
 48.1107 14.028
 48.2193 14.6297
 48.3249 15.236
 48.4247 15.8107
 48.5215 16.3461
 48.6164 16.8556
 48.7021 17.3517
 48.7628 17.8335
 48.7807 18.2908
 48.7449 18.7185
 48.6579 19.1213
 48.536 19.5068
 48.4043 19.877
 48.2873 20.2257
 48.1969 20.5444
 48.1244 20.8281
 48.0453 21.0775
 47.9354 21.2974
 47.7868 21.4952
 47.6116 21.6818
 47.4317 21.8731
 47.2646 22.0897
 47.1147 22.3518
 46.973 22.6696
 46.8254 23.0359
 46.6625 23.4279
 46.4876 23.8155
 46.3188 24.1726
 46.1834 24.4833
 46.1066 24.7425
 46.0989 24.9539
 46.1478 25.126
 46.2219 25.2683
 46.2837 25.3885
 46.304 25.4912
 46.2675 25.5784
 46.1716 25.6511
 46.0218 25.7096
 45.8289 25.7556
 45.6083 25.7947
 45.3817 25.8379
 45.1769 25.9005
 45.0229 25.9963
 44.9395 26.13
 44.9284 26.292
 44.9734 26.4611
 45.0492 26.6134
 45.1332 26.733
 45.2131 26.8191
 45.2876 26.8843
164 21 17
 4.64661 0.613743
 4.47738 0.624907
 4.29594 0.62986
 4.09727 0.631909
 3.88465 0.645193
 3.66541 0.685989
 3.44711 0.760484
 3.23769 0.858677
 3.04704 0.958814
 2.88522 1.0382
 2.75775 1.08256
 2.66215 1.08931
 2.58952 1.06547
 2.52952 1.02278
 2.47475 0.97268
 2.42165 0.92251
 2.36902 0.874184
165 26 6
 49.307 0.0651884
 49.2717 0.134565
 49.2307 0.20355
 49.1806 0.271279
 49.1213 0.336981
 49.0563 0.401046
