7.41868303008
0.641660460927
18.3352683643
2.31555063518
2.43181212561
0.716129003392
2.37268254424
3.26090990854
4.13944302135
1.60114875861
4.49346130391
3.71185473701
7.87160481255
13.5174844822
3.54064378258
0.966535730391
1.87728596255
1.34737050701
4.27206046463
1.59777452692
0.991835003033
1.00318948969
12.4160271583
8.32185333167
60.0089187453
6.67936875571
0.712300184273
0.706000438021
2.45956418734
0.833727594112
7.42468891205
1.21584823761
1.44609477372
3.74517147637
6.19742894319
4.71561333695
9.05419055618
5.2431619032
1.16691625831
2.16426363496
5.2264481834
4.77668231096
10.9161195888
2.2917632562
8.67644237738
0.700696063253
4.9660527841
2.2494855066
0.449155991526
1.5489737244
1.74137674212
0.546107132192
15.5666744115
2.19203491333
11.8102784569
7.54312607357
2.90568705364
8.30696863211
7.38238068103
4.08007545775
1.297337594
3.79586255842
12.7060529469
0.938752210276
3.06376430448
1.66099273489
10.2684179065
2.37660327552
2.60057594007
0.909394897844
7.64040403044
6.15576352098
7.03899422064
7.45259398267
5.45587007071
4.88895535433
4.67426623334
4.02557119301
2.34806786636
0.996162430133
3.45614243692
1.12528148998
1.66826485241
2.77388577363
14.6230061578
13.6796637302
11.7751968082
7.56712865935
8.00410063661
2.55749712838
3.95404906584
2.91272786911
14.7688994797
1.33143384871
11.3523730573
0.476049959749
3.57704807386
0.79216421822
2.95990908862
1.33700194739
6.76558870891
5.57059840593
3.17581909772
2.45951469267
7.06082850641
5.1420787657
2.01351145525
3.03815581766
4.21580703198
2.61904853598
7.12260378113
5.07585422129
3.18922974594
5.60405248737
1.81735771601
0.651434933642
5.15540266275
0.482752594911
5.50098199723
1.18456017303
2.27664623758
0.87974016376
3.239892779
1.63970015685
2.1072085845
0.477979224479
12.3051354269
2.80446678341
16.4986572347
2.72059779764
6.8131701553
0.912298012816
1.99430416664
6.34456190622
8.69515407005
2.50859054486
3.21920365554
5.33104043926
1.2177194812
1.17018906883
3.17035918339
3.41773137836
6.46676433847
1.23726380232
34.0938502855
13.9491656842
15.2278675322
5.84246179027
16.3695836228
0.899074397008
7.14766963439
1.22447821842
4.9391235006
2.9976712127
20.1345218916
12.4574556222
20.1037901977
27.7428637797
5.44790333882
1.79134677351
6.67704992915
1.29584879312
5.31805471604
1.41401564744
7.65570571996
2.24257155609
1.86397334506
1.26404891033
2.16233286309
1.48258372478
0.510609236536
1.47713127705
2.31975734242
3.1390875635
15.6440407257
8.35828590008
5.3925511625
3.16703764409
51.829161951
0.518290964613
2.57689251613
40.5158738169
5.7714322906
47.7940070822
10.2477399504
5.33319497178
1.05182967541
34.0117181538
27.9001217275
6.67218993236
17.8387699557
4.04848246134
30.0276732343
4.47185627642
24.4910669553
7.98119885536
1.39489313988
23.7417659828
0.4745532722
19.6453581389
6.69163613264
2.2917632562
4.89204797767
12.0830358471
19.6067392929
2.60057594007
16.8295873232
3.26090990854
16.0517720056
14.4234699553
5.31701755416
2.63346889701
9.67974558562
14.6845222118
13.7180623955
13.4878822526
2.11276369916
12.3051354269
2.80446678341
12.1225913424
6.65895014391
7.36214353885
11.3648169023
11.5324334181
0.476049959749
0.0224122711008
8.91167416725
6.69983403116
4.98145668302
4.02869991166
8.79328223332
5.05398045864
8.06034349101
3.22465646956
7.95019267401
7.42468891205
1.21584823761
7.64040403044
7.57406414328
2.42371016324
7.27631062873
1.17018906883
6.73207036348
3.72948066842
6.08956386401
52.2883489093
0.595978306258
1.94352455692
6.33811316358
0.912298012816
1.94687218695
6.23104740621
0.87974016376
5.51981020501
5.84145609763
0.425187498336
4.87051762432
4.95913805286
4.49346130391
3.71185473701
4.87019842778
4.46277353107
4.72475703937
4.50087366899
1.82988509452
3.84462645489
3.8682130668
3.63863149193
1.47713127705
3.50848653981
3.00904187679
2.67126955391
0.700696063253
2.28748387431
2.34806786636
0.996162430133
2.25905264441
0.0514999358035
2.14268065063
1.31211668337
1.08809668596
0.645862143816
0.604285115836
0.293410922167
0.133017531778
0.111992293024
3.14159440924
1.84875130985
1.81285534751
0.872272604641
0.399052595333
0.329313130318
51.1327123204
11.1791982549
82.6601561382
12.883474166
57.1869550277
22.1493089406
3.98580241422
65.1742132561
1.4236598166
55.0334987549
117.955191233
18.6944769402
6.84584799789
13.4695549084
33.1510602399
53.5931598481
6.97214808955
45.1694468201
8.58271550275
41.8690577343
38.3388697931
16.9853535901
14.2979731436
7.63179517252
27.5167098139
42.156120653
36.4356027638
38.1926009671
5.703800604
33.6940713851
7.62624047043
31.8664439261
133.973035579
18.9829915592
20.646471214
31.9821286416
30.7586185806
1.42617146984
0.0672368133025
24.6104563756
18.5282160593
13.5851094462
11.4470299634
28.5513266371
25.0056298917
14.3047597392
21.9914998117
9.15920237486
22.0740787428
20.1090278237
3.43041698989
21.076644695
21.5634813738
14.7977525473
3.42776601334
10.8709794464
154.611219526
5.57740448445
2.71356306254
17.9049071376
16.379257906
14.6317845198
10.9092313873
7.16935533538
20.7833103606
19.8534439355
16.2988103708
1.78340106548
17.4082845162
5.69743418623
15.020505696
13.6850514001
12.8240274797
93.1737675878
2.99492519403
2.62351288825
1.27556249501
13.5889450507
12.6734404314
13.2356230136
12.6807249225
5.42936300705
11.1602466054
10.6850987726
10.6301737826
4.37249863192
9.98641403636
72.043941899
8.72825003745
7.49139190375
2.10129094277
6.7584298638
6.26283540306
2.96294206706
6.73189896252
0.15449980741
6.39448045667
3.87318262043
18.5797694152
