770.531913986
1365.12707296
39.4310318735
856.674598214
1026.38134954
1178.7638267
472.808925659
196.995162221
1925.34727539
233.248833211
561.063299634
237.496576464
384.335930962
269.103513898
612.892771269
3895.39795403
349.348189749
793.7401835
760.694794103
283.360527006
49.9643179514
4247.52604419
395.048325336
558.526271277
303.785052626
674.848245259
4.27449467169
470.124840946
403.842450108
2187.95947229
185.596269443
494.882948729
945.137217496
362.338809967
176.466472698
587.029521495
50.1556646144
80.7187459386
92.0131670808
1413.04998206
1062.02918557
357.731219974
740.995278945
11.0404551375
49.2803114343
9.02214662206
982.47475497
1649.7602496
248.549955427
5505.43538205
673.499536228
799.80602508
24.0267399036
875.87203595
1074.56048688
921.197944777
341.100116443
401.537643199
85.2815033403
527.482584289
3215.52788787
249.398447444
366.26640243
294.014160447
207.564846193
353.670261982
106.315820103
1141.0200583
581.140170595
424.668670642
1735.06375908
484.859296392
465.542205568
652.561744708
806.970626183
1863.64108063
457.204276536
