83
0 1 248
 204.48 37.5164
 204.037 37.4908
 203.734 37.1328
 203.522 36.8091
 203.423 36.6696
 203.575 36.6368
 203.642 36.4582
 203.666 36.2104
 203.633 36.0468
 203.628 35.7504
 203.746 35.4458
 203.903 35.2821
 203.932 35.1082
 203.938 35.0429
 203.935 34.8965
 203.929 34.7439
 203.872 34.6848
 203.717 34.6683
 203.61 34.7161
 203.567 34.7691
 203.573 34.7019
 203.629 34.6255
 203.675 34.5958
 203.734 34.5272
 203.789 34.4543
 203.794 34.3646
 203.749 34.2485
 203.727 34.1228
 203.765 34.0396
 203.752 33.919
 203.698 33.7421
 203.489 33.6077
 203.307 33.5252
 203.294 33.5081
 203.338 33.3523
 203.339 33.1667
 203.302 33.1355
 203.076 33.017
 202.831 32.8322
 202.737 32.7712
 202.731 32.5379
 202.731 32.3043
 202.545 32.2546
 202.374 32.151
 202.338 32.0456
 202.42 31.8907
 202.559 31.6988
 202.568 31.5045
 202.55 31.3604
 202.572 31.3328
 202.557 31.3062
 202.526 31.1456
 202.48 31.0708
 202.297 31.1308
 202.107 31.1724
 201.921 31.2933
 201.714 31.5199
 201.675 31.8056
 201.573 31.6425
 201.314 31.5823
 201.101 31.5038
 201 31.5135
 200.93 31.606
 200.818 31.7361
 200.773 31.9447
 200.725 31.9501
 200.536 31.6999
 200.396 31.5575
 200.332 31.47
 200.28 31.3265
 200.204 31.2249
 200.119 31.0864
 200.021 30.9133
 199.964 30.8325
 199.849 30.8215
 199.737 30.8103
 199.689 30.8346
 199.516 30.9356
 199.358 31.0326
 199.227 31.0454
 199.085 30.989
 199.051 30.9493
 198.896 30.9479
 198.747 30.9244
 198.714 30.829
 198.657 30.7294
 198.617 30.5949
 198.604 30.3679
 198.474 30.2859
 198.32 30.341
 198.296 30.2768
 198.293 30.0859
 198.4 29.6937
 198.132 29.4927
 197.757 29.6075
 197.727 29.6733
 197.508 29.5388
 197.265 29.2687
 197.221 29.1052
 197.146 29.0319
 197.04 29.0106
 196.967 28.9135
 196.796 28.8678
 196.667 28.8777
 196.59 28.818
 196.524 28.7446
 196.421 28.6641
 196.296 28.6338
 196.213 28.6344
 196.107 28.5866
 196.071 28.5068
 196.104 28.385
 196.156 28.2767
 196.167 28.251
 196.098 28.2492
 196.01 28.2178
 195.969 28.1831
 195.949 28.1314
 195.92 28.0911
 195.891 28.0951
 195.849 28.0614
 195.777 28.0504
 195.71 28.0579
 195.665 27.9972
 195.625 27.9607
 195.547 27.9891
 195.448 28.0108
 195.387 27.9712
 195.364 27.9063
 195.345 27.8732
 195.3 27.8761
 195.249 27.8669
 195.231 27.8703
 195.215 27.9103
 195.188 27.9426
 195.163 27.9529
 195.146 27.9387
 195.123 27.9307
 195.11 27.9413
 195.096 27.9563
 195.059 27.9578
 195.037 27.9586
 195.028 27.9682
 195.025 27.9783
 195.022 27.9829
 194.982 27.9898
 194.939 27.9933
 194.921 27.9909
 194.904 27.9732
 194.889 27.9571
 194.907 27.9566
 194.921 27.9393
 194.931 27.9186
 194.936 27.9011
 194.935 27.8787
 194.916 27.8657
 194.89 27.8625
 194.881 27.8728
 194.861 27.8905
 194.839 27.8914
 194.812 27.8767
 194.789 27.8825
 194.779 27.9043
 194.751 27.8722
 194.727 27.8234
 194.724 27.8045
 194.712 27.8119
 194.686 27.8187
 194.661 27.8382
 194.652 27.8612
 194.622 27.8788
 194.57 27.8725
 194.53 27.8376
 194.482 27.7922
 194.446 27.7632
 194.395 27.7617
 194.337 27.7568
 194.32 27.7386
 194.336 27.6946
 194.345 27.6366
 194.34 27.5819
 194.353 27.548
 194.355 27.522
 194.349 27.4954
 194.317 27.4797
 194.261 27.4644
 194.205 27.5053
 194.168 27.5596
 194.129 27.5575
 194.062 27.596
 194.017 27.6564
 193.996 27.6372
 193.931 27.577
 193.874 27.5328
 193.812 27.5024
 193.734 27.4889
 193.722 27.4536
 193.709 27.4119
 193.645 27.3875
 193.585 27.3339
 193.549 27.2601
 193.562 27.1503
 193.559 27.0516
 193.524 27.0438
 193.42 27.0815
 193.195 27.1263
 193.043 27.1621
 192.999 27.1272
 192.989 27.2108
 192.937 27.2831
 192.884 27.366
 192.824 27.4141
 192.777 27.3884
 192.702 27.3452
 192.635 27.3172
 192.607 27.319
 192.539 27.2383
 192.53 27.1065
 192.56 26.9182
 192.57 26.763
 192.491 26.8341
 192.343 26.8926
 192.213 26.8818
 192.133 26.8642
 192.07 26.8985
 191.998 26.974
 191.969 27.1155
 191.974 27.2446
 191.918 27.3623
 191.857 27.4614
 191.741 27.581
 191.678 27.7439
 191.609 27.6168
 191.433 27.5571
 191.237 27.5388
 191.058 27.4366
 190.891 27.3731
 190.815 27.5436
 190.771 27.7151
 190.573 27.6781
 190.347 27.7466
 190.282 27.9118
 190.241 27.9513
 190.108 27.8797
 189.959 27.827
 189.881 27.8677
 189.632 27.9197
 189.387 28.0389
0 2 25
 204.48 37.5164
 204.484 37.5251
 197.222 37.8047
 189.121 37.9851
 187.894 37.9816
 185.565 37.9488
 183.211 37.8161
 183.204 37.6362
 183.093 37.3634
 182.924 37.0154
 182.799 36.7419
 182.644 36.6746
 182.481 36.7603
 182.346 36.8764
 182.293 37.0339
 181.935 37.0625
 181.569 36.968
 181.543 36.8982
 181.536 36.8744
 181.523 36.8691
 181.498 36.9435
 181.388 37.1469
 181.294 37.4472
 181.093 37.2786
 180.711 36.8398
0 3 19
 204.48 37.5164
 204.904 37.1142
 204.959 32.6003
 204.973 28.2226
 204.973 22.7404
 204.952 16.7724
 204.927 16.4367
 204.941 16.6368
 204.825 16.9477
 204.459 17.1699
 204.081 17.1389
 204.219 17.3267
 204.179 17.6385
 204.197 18.0238
 204.196 18.1862
 204.127 18.1369
 203.853 17.96
 203.553 17.8525
 203.502 17.8798
2 4 7
 180.711 36.8398
 180.538 36.0265
 180.31 34.927
 179.958 34.5277
 179.825 34.543
 179.723 34.4612
 179.509 34.2444
3 5 14
 203.502 17.8798
 203.518 17.8515
 203.5 17.7801
 203.434 17.6725
 203.375 17.5509
 203.311 17.3171
 203.135 17.1063
 202.836 16.9446
 202.54 16.8043
 202.377 16.6948
 202.223 16.5341
 201.91 16.6749
 201.66 16.9301
 201.56 16.8811
3 6 9
 203.502 17.8798
 203.384 17.9388
 203.242 17.9861
 203.226 18.0523
 203.245 18.1276
 203.222 18.1495
 203.199 18.1583
 203.158 18.165
 203.13 18.1646
7 8 94
 195.231 27.8703
 195.231 27.8165
 195.23 27.7873
 195.219 27.7634
 195.244 27.726
 195.294 27.6891
 195.38 27.6455
 195.46 27.6231
 195.463 27.6142
 195.435 27.5765
 195.347 27.4734
 195.363 27.3763
 195.456 27.3833
 195.549 27.4027
 195.636 27.3445
 195.742 27.3013
 195.918 27.0182
 195.93 26.64
 195.823 26.5408
 195.799 26.2956
 195.927 25.8926
 196.122 25.7822
 196.225 25.7114
 196.337 25.4842
 196.499 25.4228
 196.607 25.4451
 196.63 25.3338
 196.768 25.0243
 197.03 24.7557
 197.295 24.6392
 197.464 24.569
 197.501 24.3631
 197.652 24.073
 197.838 23.4867
 197.813 22.8302
 197.853 22.457
 197.857 22.183
 198.132 22.1804
 198.326 21.9787
 198.29 21.5377
 198.406 21.4094
 198.741 21.4949
 199.147 21.4517
 199.546 21.6958
 199.949 21.9053
 200.369 21.9674
 200.544 22.0403
 200.557 22.0002
 200.562 21.8631
 200.577 21.7812
 200.59 21.5984
 200.632 21.3687
 200.61 21.195
 200.575 20.7078
 200.541 20.0351
 200.603 19.7119
 200.71 19.6821
 200.667 19.6002
 200.738 19.2176
 201.018 19.0362
 201.318 19.1308
 201.355 18.9049
 201.295 18.5826
 201.335 18.4272
 201.455 18.0796
 201.434 17.4054
 201.293 17.0518
 201.398 17.041
 201.561 16.9946
 201.56 16.8811
 201.353 16.4748
 201.203 16.1451
 201.24 15.9928
 201.167 15.7172
 201.055 15.5813
 201.002 15.4825
 200.942 15.0449
 200.946 14.6149
 200.964 14.4539
 200.974 14.3525
 201.042 14.2971
 201.112 14.1762
 201.13 14.0473
 201.093 13.9898
 201.029 13.9562
 201.016 13.9358
 201.037 13.9328
 201.08 13.8712
 201.142 13.7884
 201.197 13.751
 201.215 13.6596
 201.265 13.4286
 201.326 13.206
 201.465 12.8725
8 9 22
 201.465 12.8725
 201.823 12.6565
 202.069 12.7331
 202.126 12.7367
 202.23 12.74
 202.337 12.8892
 202.495 13.1031
 202.556 13.2538
 202.507 13.3635
 202.509 13.4161
 202.505 13.4144
 202.525 13.5096
 202.804 13.7494
 203.046 13.9773
 202.998 14.0998
 203.084 13.9977
 203.266 13.8719
 203.446 13.8056
 203.56 13.8024
 203.675 13.8195
 203.729 13.7885
 203.733 13.7422
10 11 110
 185.1 25.5606
 185.113 25.538
 185.172 25.4726
 185.257 25.3775
 185.076 25.1817
 185.027 24.9769
 185.195 24.9145
 185.213 24.7921
 185.02 24.6769
 184.697 24.6339
 184.479 24.5354
 184.266 24.4282
 184.066 24.3007
 183.954 24.1504
 183.934 24.0371
 183.91 24.0039
 183.867 23.9985
 183.829 23.976
 183.816 23.9582
 183.793 23.9458
 183.742 23.92
 183.694 23.8797
 183.597 23.9602
 183.403 23.8701
 183.198 23.7006
 183.078 23.7025
 183.009 23.6601
 182.928 23.3304
 182.737 22.9872
 182.521 22.8498
 182.745 22.9759
 183.024 22.8896
 183.146 22.7847
 183.147 22.7845
 183.372 22.4856
 183.648 22.191
 183.714 22.1685
 183.758 22.0327
 183.758 21.9121
 183.637 21.8059
 183.524 21.6785
 183.413 21.64
 183.325 21.6443
 183.324 21.6544
 183.321 21.6383
 183.289 21.5866
 183.271 21.5224
 183.26 21.4603
 183.147 21.2839
 183.159 21.0825
 183.344 20.9523
 183.469 20.8077
 183.518 20.5903
 183.419 20.397
 183.338 20.2369
 183.13 20.0106
 182.785 19.9652
 182.925 19.869
 183.146 19.6707
 183.51 19.3326
 183.748 19.1421
 183.944 18.7656
 184.124 18.3956
 184.246 18.3436
 184.192 18.2701
 184.148 17.9656
 184.082 17.7698
 184.076 17.7703
 184.036 17.7
 183.912 17.5512
 183.691 17.3046
 183.449 17.0471
 183.396 16.9456
 183.478 16.7506
 183.422 16.4453
 183.311 16.3098
 183.346 16.2067
 183.383 16.1079
 183.321 16.0925
 183.196 15.9937
 183.107 15.6914
 183.084 15.4553
 183.086 15.4126
 183.119 15.3332
 183.33 15.3377
 183.606 15.3489
 183.772 15.27
 183.764 15.0797
 183.598 14.819
 183.552 14.5609
 183.716 14.3725
 183.933 14.2692
 184.051 14.1333
 184.106 14.0448
 184.137 13.9612
 184.254 13.6737
 184.364 13.4125
 184.4 13.3838
 184.542 13.1588
 184.683 12.9176
 184.717 12.9051
 184.74 12.9202
 184.757 12.9277
 184.755 12.9089
 184.926 12.7345
 184.975 12.4402
 184.855 12.185
 184.852 12.0551
 184.836 12.0299
 184.828 12.0182
10 12 23
 185.1 25.5606
 185.068 25.5731
 184.964 25.5858
 184.883 25.6642
 184.857 25.7556
 184.821 25.7418
 184.663 25.7131
 184.488 25.8709
 184.48 26.0556
 184.448 26.2393
 184.184 26.53
 184.029 26.7138
 183.962 26.8252
 184.177 26.979
 184.525 27.2455
 184.137 27.3174
 183.993 27.4436
 183.855 27.5688
 183.754 27.787
 183.814 28.0307
 183.91 28.2789
 183.994 28.5596
 183.955 28.8663
13 14 77
 183.624 34.5514
 183.637 34.5491
 183.76 34.3652
 184.03 33.9413
 184.176 33.63
 184.152 33.5052
 184.308 33.6355
 184.699 33.7086
 185.012 33.8385
 185.189 34.0197
 185.396 34.1063
 185.469 33.9706
 185.605 33.6327
 185.568 33.3626
 185.442 33.0569
 185.651 32.8691
 186.203 32.7148
 186.494 32.4463
 186.65 32.2833
 186.932 32.3477
 187.185 32.6107
 187.327 32.7932
 187.398 33.1696
 187.41 33.4456
 187.684 33.5277
 187.929 33.5891
 188.073 33.3601
 188.223 33.022
 188.241 32.8895
 188.688 32.4738
 189.3 32.0424
 189.58 32.0114
 189.694 32.0014
 189.765 31.9874
 190.09 31.7361
 190.23 31.3186
 190.239 31.1703
 190.525 31.1632
 190.74 31.1137
 190.802 31.0867
 190.786 31.1186
 190.795 31.3169
 191.001 31.5601
 191.291 31.6399
 191.49 31.3637
 191.602 30.9667
 191.585 30.7857
 191.555 30.6788
 191.589 30.5753
 191.754 30.5679
 191.905 30.6151
 192.009 30.6603
 192.149 30.7996
 192.229 30.9076
 192.267 30.9252
 192.336 30.8848
 192.515 30.8461
 192.67 30.9434
 192.743 31.0963
 192.839 31.2544
 192.821 31.5108
 192.735 31.6767
 192.803 31.7512
 193.068 31.9608
 193.366 32.1743
 193.367 32.2842
 193.42 32.3479
 193.621 32.368
 193.78 32.2865
 194.189 32.3438
 194.523 32.5773
 194.52 32.7007
 194.519 32.9546
 194.519 33.3728
 194.744 33.5005
 195.009 33.4363
 195.01 33.4365
15 16 48
 198.293 30.0859
 198.541 29.8083
 198.848 29.6473
 198.911 29.6347
 198.785 29.4644
 198.667 28.8953
 198.578 28.3841
 198.593 28.1574
 198.591 28.0449
 198.734 28.0277
 198.904 27.8851
 199.202 27.742
 199.55 27.7812
 199.76 27.8154
 199.821 27.7838
 199.892 27.7275
 200.257 27.4443
 200.638 27.1904
 200.726 27.0264
 200.812 26.6991
 200.868 26.5454
 201.039 26.6428
 201.454 26.6648
 201.715 26.5911
 201.886 26.5237
 202.232 26.4396
 202.441 26.417
 202.549 26.463
 202.59 26.427
 202.699 26.2662
 202.841 25.9061
 202.865 25.6231
 202.983 25.8019
 203.293 26.0354
 203.618 26.1503
 203.761 26.0766
 203.79 25.7212
 203.737 25.4727
 203.825 25.4375
 204.093 25.2412
 204.483 25.0188
 204.709 24.8338
 204.743 24.7902
 204.86 24.1888
 204.901 23.3042
 204.943 24.8107
 204.969 27.0888
 204.95 27.9093
17 18 68
 167.367 23.5052
 167.063 23.69
 166.905 23.6381
 166.758 23.4142
 166.689 23.2081
 166.702 23.0478
 166.73 23.0113
 166.71 22.9325
 166.707 22.8473
 166.784 22.8889
 166.849 22.8981
 166.884 22.8527
 166.898 22.8512
 166.898 22.8517
 166.937 22.8636
 167.018 22.828
 167.088 22.7001
 167.22 22.561
 167.34 22.4932
 167.414 22.4667
 167.507 22.3382
 167.575 22.1684
 167.654 22.0849
 167.636 21.9574
 167.526 21.8182
 167.458 21.77
 167.428 21.7497
 167.418 21.729
 167.406 21.7007
 167.397 21.6745
 167.394 21.653
 167.433 21.5369
 167.528 21.3784
 167.582 21.2296
 167.593 21.0869
 167.449 20.9844
 167.337 21.0217
 167.256 21.1415
 167.026 21.1818
 166.69 21.2615
 166.299 21.0637
 166.29 20.4876
 166.537 20.1272
 166.533 19.9437
 166.437 19.7978
 166.418 19.7381
 166.342 19.6112
 166.168 19.4408
 166.012 19.3787
 166.121 19.1935
 166.219 18.9889
 166.305 18.89
 166.093 18.8607
 165.805 18.7851
 165.656 18.7463
 165.593 18.6792
 165.516 18.6865
 165.562 18.5925
 165.574 18.4227
 165.398 18.2294
 165.199 18.122
 165.184 17.8447
 165.355 17.4253
 165.41 16.9936
 165.162 16.4345
 165.02 14.1897
 165.083 12.1981
 165.148 12.1616
17 19 17
 167.367 23.5052
 167.676 23.4018
 167.734 23.3209
 167.75 23.2947
 167.931 23.3207
 168.102 23.2928
 168.173 23.2686
 168.255 23.2572
 168.32 23.2871
 168.337 23.2174
 168.379 23.1673
 168.495 23.269
 168.649 23.3926
 168.799 23.414
 169.136 23.3849
 169.446 23.372
 169.553 23.4094
20 21 74
 179.731 28.399
 179.737 28.383
 179.715 28.3283
 179.504 28.2043
 179.303 28.0807
 179.317 27.9599
 179.125 28.091
 178.834 28.1567
 178.498 28.1032
 178.157 28.0746
 177.928 27.9342
 177.862 27.7105
 177.886 27.658
 177.884 27.6469
 177.86 27.6862
 177.769 27.7948
 177.595 27.9015
 177.473 27.9386
 177.231 27.8839
 176.734 27.8178
 176.454 27.7939
 176.383 27.529
 176.19 27.256
 176.034 27.1671
 176.009 27.0964
 176.137 26.9611
 176.311 26.8288
 176.34 26.7986
 176.23 26.6451
 175.968 26.5409
 175.758 26.5499
 175.706 26.5385
 175.68 26.5335
 175.651 26.5098
 175.597 26.4671
 175.492 26.3
 175.4 26.2576
 175.32 26.3161
 175.091 26.3076
 174.904 26.333
 174.883 26.3158
 174.843 26.3787
 174.78 26.3983
 174.744 26.3358
 174.67 26.2728
 174.543 26.2661
 174.31 26.187
 174.11 26.0307
 173.991 26.0406
 173.826 26.0215
 173.667 25.9268
 173.604 25.8921
 173.662 25.7036
 173.742 25.3468
 173.829 25.0936
 173.888 24.9935
 173.652 24.8236
 173.403 24.6095
 173.355 24.4906
 173.289 24.4253
 172.953 24.3116
 172.598 24.1946
 172.557 23.986
 172.481 23.7672
 172.408 23.6939
 172.276 23.5946
 172.145 23.4691
 172.164 23.2075
 172.215 22.9983
 172.25 22.973
 172.227 22.9314
 172.16 22.8877
 171.935 22.7321
 171.728 22.5747
20 22 51
 179.731 28.399
 179.714 28.3954
 179.585 28.5236
 179.383 28.7712
 179.261 28.8666
 178.944 28.9119
 178.428 29.1533
 178.189 29.3231
 178.192 29.3285
 178.318 29.569
 178.528 29.817
 178.454 30.0116
 178.17 30.2421
 178.032 30.3084
 177.994 30.4107
 177.854 30.6761
 177.525 31.0213
 177.206 31.3242
 177.024 31.4006
 176.817 31.4146
 176.554 31.4681
 176.275 31.6866
 176.213 32.1169
 176.23 32.4386
 176.14 32.5665
 176.016 32.5971
 175.896 32.7447
 175.844 32.8862
 175.888 33.129
 176.021 33.3897
 176.088 33.3927
 176.12 33.3614
 176.155 33.4308
 176.186 33.5107
 176.169 33.5635
 176.124 33.6422
 176.092 33.6769
 176.011 33.6867
 175.857 33.7688
 175.694 33.763
 175.599 33.6661
 175.477 33.5831
 175.293 33.6082
 175.01 33.8102
 174.764 34.0376
 174.342 34.2132
 173.862 34.315
 173.657 34.3301
 173.464 34.3144
 173.374 34.317
 173.372 34.3177
22 27 5
 173.372 34.3177
 173.392 34.3597
 173.311 34.5717
 173.145 34.8473
 172.977 35.424
23 24 85
 177.574 13.4923
 177.78 13.7403
 177.79 13.7569
 177.701 14.1132
 177.713 14.6279
 177.902 15.0072
 178.015 15.2736
 177.944 15.4053
 178.015 15.5861
 178.014 15.941
 177.971 16.2665
 178.138 16.5784
 178.286 17.0912
 178.584 17.4305
 178.52 17.5444
 178.112 17.6752
 178.057 18.0499
 178.04 18.4485
 178.015 18.5987
 177.961 18.8081
 177.662 19.0552
 177.37 19.1568
 177.191 19.0545
 177.076 19.0489
 177.07 19.2472
 176.972 19.3647
 176.815 19.4241
 176.764 19.4573
 176.672 19.4714
 176.556 19.5302
 176.496 19.5938
 176.482 19.6306
 176.466 19.6708
 176.462 19.6491
 176.353 19.6425
 176.273 19.6214
 176.28 19.5803
 176.244 19.6081
 176.209 19.6492
 176.219 19.7102
 176.216 19.7449
 176.197 19.7657
 176.176 19.7625
 176.129 19.7898
 176.096 19.827
 176.05 19.8135
 176.006 19.79
 176.005 19.7596
 175.993 19.8062
 175.986 19.864
 175.997 19.9222
 175.998 19.9528
 175.991 19.9735
 175.971 19.9831
 175.935 20.001
 175.864 20.0159
 175.79 19.9719
 175.756 19.9526
 175.726 19.9577
 175.704 19.9489
 175.678 19.9587
 175.614 20.0088
 175.572 20.0723
 175.57 20.0969
 175.564 20.1568
 175.532 20.2356
 175.483 20.2522
 175.349 20.2868
 175.191 20.3192
 175.057 20.3543
 174.935 20.4248
 174.827 20.5075
 174.677 20.6122
 174.616 20.5949
 174.605 20.4796
 174.598 20.3993
 174.557 20.3038
 174.4 20.2583
 174.22 20.3192
 174.103 20.3919
 173.992 20.4765
 173.859 20.5236
 173.76 20.5009
 173.696 20.3649
 173.473 20.067
23 25 6
 177.574 13.4923
 177.495 12.9844
 177.473 12.7007
 177.257 12.6912
 177.109 12.7109
 177.084 12.7166
24 26 18
 173.473 20.067
 173.236 19.9652
 173.196 20.0382
 173.195 20.0381
 173.171 20.0535
 173.136 20.1117
 173.126 20.1553
 173.132 20.2785
 173.138 20.4091
 173.027 20.435
 172.829 20.4404
 172.487 20.5262
 172.24 20.6818
 172.247 20.7444
 172.229 20.779
 172.102 20.8001
 171.981 20.8002
 171.973 20.8084
27 41 30
 172.977 35.424
 172.747 35.9599
 172.623 35.9379
 172.519 35.683
 172.042 35.4289
 171.675 35.3327
 171.69 35.2854
 171.498 35.0132
 171.168 34.7443
 171.037 34.6871
 170.913 34.5767
 170.777 34.4937
 170.501 34.5275
 170.122 34.5954
 169.917 34.733
 169.519 34.9278
 169.219 35.1412
 169.186 35.2828
 169.037 35.3673
 168.888 35.4652
 168.777 35.5021
 168.465 35.5716
 168.152 35.5543
 168.047 35.4724
 168.006 35.477
 168.003 35.4588
 167.913 35.4127
 167.826 35.3852
 167.716 35.4635
 167.356 35.4361
28 29 72
 188.915 26.5488
 188.907 26.5577
 188.872 26.5717
 188.823 26.5551
 188.804 26.5147
 188.723 26.5769
 188.585 26.6643
 188.45 26.7044
 188.328 26.5437
 188.276 26.2447
 188.107 26.0642
 187.897 25.9512
 187.628 26.0723
 187.311 26.4654
 187.064 26.6457
 186.821 26.6407
 186.591 26.715
 186.446 26.7534
 186.335 26.7915
 186.178 27.0232
 186.038 27.3123
 185.951 27.5703
 185.875 27.756
 185.72 27.7873
 185.685 27.9038
 185.703 28.0378
 185.618 28.1608
 185.56 28.2797
 185.564 28.3357
 185.621 28.3714
 185.499 28.3846
 185.342 28.4736
 185.171 28.5256
 185.089 28.4649
 185.066 28.4012
 185.008 28.3874
 184.967 28.3956
 184.961 28.4052
 184.963 28.4139
 184.938 28.459
 184.875 28.5162
 184.888 28.5758
 184.93 28.6697
 184.923 28.7553
 184.793 28.7618
 184.362 28.7502
 184.033 28.7521
 183.955 28.8663
 183.916 28.6869
 183.677 28.6555
 183.517 28.6929
 183.305 28.7638
 183.108 28.9848
 183.062 28.7867
 182.92 28.6363
 182.731 28.4578
 182.514 28.4566
 182.239 28.4254
 182.013 28.3268
 181.904 28.2715
 181.851 28.2348
 181.806 28.261
 181.778 28.3023
 181.752 28.2443
 181.699 28.2022
 181.603 28.2239
 181.526 28.2472
 181.532 28.1896
 181.565 28.134
 181.609 28.1323
 181.635 28.1408
 181.641 28.1438
30 31 83
 182.69 19.0408
 182.695 19.0522
 182.615 19.1121
 182.456 19.1852
 182.171 19.4886
 181.79 19.8937
 181.42 19.9531
 181.137 19.8935
 181.071 19.986
 181.107 20.0766
 181.114 20.081
 181.078 20.1268
 181.045 20.1791
 181.039 20.1846
 181.041 20.1955
 181.025 20.2193
 180.995 20.2251
 180.977 20.213
 180.938 20.2307
 180.882 20.2474
 180.793 20.2218
 180.713 20.1827
 180.676 20.133
 180.609 20.1361
 180.534 20.2173
 180.472 20.2967
 180.431 20.3667
 180.479 20.4496
 180.536 20.536
 180.599 20.6475
 180.68 20.766
 180.672 20.8151
 180.561 20.7817
 180.454 20.8857
 180.421 21.0402
 180.401 21.0708
 180.367 21.1998
 180.311 21.3449
 180.223 21.3675
 180.13 21.3137
 179.964 21.1793
 179.852 21.051
 179.794 20.9863
 179.583 21.0142
 179.412 21.1462
 179.317 21.1962
 179.031 21.0931
 178.749 20.9628
 178.648 20.8456
 178.574 20.7659
 178.51 20.7482
 178.43 20.7538
 178.375 20.7262
 178.339 20.7151
 178.304 20.6973
 178.291 20.6533
 178.243 20.6334
 178.189 20.6252
 178.152 20.6284
 178.109 20.6387
 178.048 20.6554
 177.952 20.6958
 177.944 20.7654
 177.918 20.8286
 177.808 20.8708
 177.756 20.8847
 177.704 20.8971
 177.624 20.9299
 177.55 20.9571
 177.6 21.0192
 177.668 21.1275
 177.73 21.1789
 177.774 21.161
 177.739 21.1931
 177.663 21.2617
 177.553 21.3029
 177.512 21.2978
 177.432 21.3323
 177.349 21.352
 177.282 21.3246
 177.226 21.2749
 177.166 21.2419
 176.899 21.2497
31 32 25
 176.899 21.2497
 176.677 21.1801
 176.611 21.0564
 176.522 21.0248
 176.444 21.0895
 176.403 21.2292
 176.404 21.0715
 176.383 20.8984
 176.409 20.7179
 176.48 20.6226
 176.503 20.5278
 176.444 20.3855
 176.378 20.328
 176.369 20.3238
 176.359 20.3246
 176.339 20.309
 176.303 20.2245
 176.238 20.1392
 176.197 20.1235
 176.165 20.1159
 176.121 20.1046
 176.092 20.0726
 176.04 20.0359
 175.999 20.0103
 175.991 19.9735
33 34 40
 183.5 32.3163
 183.502 32.3163
 183.531 32.3688
 183.424 32.5088
 183.294 32.6163
 183.282 32.6248
 183.05 32.5399
 182.628 32.4714
 182.392 32.4541
 182.279 32.4847
 182.139 32.5648
 181.984 32.7026
 181.89 32.824
 181.839 32.9155
 181.701 32.9481
 181.576 32.8962
 181.529 32.8925
 181.384 32.9075
 181.042 33.0644
 180.82 33.2547
 180.853 33.495
 180.786 33.3092
 180.702 33.4281
 180.571 33.5804
 180.502 33.6285
 180.329 33.4679
 180.1 33.22
 179.937 33.238
 179.651 33.6679
 179.424 34.0726
 179.509 34.2444
 179.307 34.2835
 178.754 34.7222
 178.279 35.0224
 178.197 35.1969
 178.095 35.3731
 178.115 35.3718
 178.338 35.5394
 178.578 35.724
 178.596 35.742
35 36 54
 167.805 28.6964
 167.818 28.6886
 167.852 28.6488
 167.884 28.5923
 167.874 28.5526
 167.886 28.4659
 167.954 28.3646
 167.987 28.3256
 167.974 28.2612
 168.121 28.1299
 168.287 28.0329
 168.339 27.9445
 168.435 27.8421
 168.543 27.6594
 168.651 27.3738
 168.797 27.1025
 169.026 26.9773
 169.108 26.8827
 169.049 26.6204
 169.162 26.5225
 169.112 26.4169
 169.344 26.0884
 169.48 25.6885
 169.447 25.5659
 169.433 25.4848
 169.444 25.333
 169.567 25.2108
 169.755 25.0849
 169.858 24.9965
 169.784 24.9149
 169.918 24.6612
 170.149 24.507
 170.278 24.4613
 170.453 24.3585
 170.563 24.3102
 170.597 24.3036
 170.61 24.2991
 170.618 24.2892
 170.667 24.252
 170.687 24.1897
 170.705 24.1149
 170.729 24.146
 170.853 24.1477
 170.93 24.1302
 170.983 24.0995
 171.099 24.0487
 171.193 23.973
 171.267 23.999
 171.389 24.0729
 171.58 24.0872
 171.757 23.9255
 171.86 23.7638
 172.026 23.6458
 172.145 23.4691
37 38 30
 172.036 17.38
 172.103 17.3058
 172.178 17.2292
 172.665 17.329
 173.254 17.4251
 173.398 17.4076
 173.792 17.0094
 174.233 16.7397
 174.561 16.9539
 174.81 17.0973
 174.89 17.2307
 175.081 17.2928
 175.302 17.1727
 175.421 17.0426
 175.612 17.172
 175.804 17.3523
 175.739 17.8566
 175.714 18.4033
 175.803 18.5043
 176.094 18.6014
 176.373 18.7433
 176.421 18.9971
 176.431 19.2156
 176.411 19.2735
 176.387 19.3399
 176.352 19.3972
 176.352 19.4194
 176.335 19.4889
 176.292 19.5437
 176.28 19.5803
39 40 23
 189.906 16.5885
 189.903 16.5882
 189.47 16.8207
 188.868 16.9656
 188.58 16.886
 188.155 16.8895
 187.6 16.7896
 187.087 16.5968
 186.63 16.5672
 186.319 16.4171
 186.252 16.1596
 186.107 16.2632
 185.887 16.4312
 185.764 16.7385
 185.76 16.9626
 185.499 17.0032
 185.223 17.0197
 185.186 17.0615
 185.118 17.2268
 184.766 17.3944
 184.241 17.4866
 184.003 17.5804
 184.036 17.7
41 42 8
 167.356 35.4361
 167.051 35.397
 166.977 35.574
 167.027 35.7747
 167.145 35.9889
 167.184 36.1372
 167.141 36.1689
 167.11 36.1768
43 44 29
 166.305 18.89
 166.372 18.8364
 166.381 18.8345
 166.39 18.7909
 166.538 18.6388
 166.757 18.4826
 166.836 18.4227
 166.837 18.4209
 167.129 18.5752
 167.393 18.8332
 167.553 19.0652
 167.753 19.2846
 167.909 19.5237
 168.087 19.7401
 168.13 19.8298
 168.279 19.8252
 168.59 19.8978
 168.97 19.9906
 169.248 19.9482
 169.437 19.7071
 169.574 19.5281
 169.831 19.632
 170.153 19.6765
 170.244 19.6083
 170.232 19.48
 170.365 19.2134
 170.52 19.0508
 170.494 18.9793
 170.442 18.6967
44 45 3
 170.442 18.6967
 170.407 18.4717
 170.399 18.4586
46 47 44
 195.025 27.9783
 195.03 27.9776
 195.03 27.9905
 195.044 28.0227
 195.059 28.0473
 195.055 28.0644
 195.043 28.077
 195.035 28.1192
 195.037 28.1651
 195.056 28.1864
 195.084 28.2248
 195.11 28.2967
 195.106 28.3928
 195.103 28.4475
 195.071 28.4487
 194.991 28.4826
 194.884 28.4979
 194.873 28.52
 194.908 28.5911
 194.896 28.6655
 194.894 28.7978
 194.996 28.8868
 195.105 28.9143
 195.151 28.9874
 195.185 29.0457
 195.314 29.056
 195.438 29.0607
 195.48 29.1136
 195.472 29.1644
 195.393 29.246
 195.2 29.3901
 194.993 29.6814
 194.93 30.0716
 194.748 30.3925
 194.426 30.6016
 194.251 30.6708
 194.206 30.6978
 194.165 30.7441
 193.943 30.7385
 193.72 30.6265
 193.604 30.9076
 193.188 31.2299
 192.907 31.3545
 192.821 31.5108
48 49 35
 188.907 26.5577
 188.909 26.6048
 188.933 26.6992
 188.979 26.7704
 188.994 26.802
 188.96 26.8638
 188.967 26.9375
 189.024 26.9538
 189.071 26.9874
 189.094 27.0325
 189.134 27.0896
 189.19 27.2129
 189.232 27.3192
 189.227 27.4546
 189.196 27.5579
 189.208 27.658
 189.224 27.8056
 189.278 28.0046
 189.387 28.0389
 189.406 28.2167
 189.615 28.3003
 189.888 28.4659
 190.025 28.6175
 189.862 28.7298
 189.767 28.8774
 189.875 29.2614
 190.001 29.6052
 190.146 29.5505
 190.246 29.5191
 190.286 29.538
 190.252 29.5816
 190.276 29.8735
 190.548 30.2499
 190.764 30.3796
 190.765 30.3811
50 51 18
 169.917 34.733
 169.815 34.7467
 169.483 34.1504
 169.192 33.5822
 169.416 33.4082
 169.589 33.2359
 169.462 33.0844
 169.392 32.9552
 169.384 32.7809
 169.494 32.5386
 169.592 32.2125
 169.546 31.9823
 169.546 31.9767
 169.62 31.9646
 169.955 31.7063
 170.065 31.247
 169.952 30.8052
 170 30.5789
52 53 22
 173.355 24.4906
 173.338 24.5934
 173.278 24.6693
 173.242 24.8299
 173.128 24.9854
 173.027 25.3102
 172.952 25.8428
 172.868 26.179
 172.89 26.3857
 173.136 26.5163
 172.933 26.6757
 172.765 26.9392
 172.967 26.9408
 172.999 27.1441
 172.818 27.2029
 172.442 27.2493
 172.2 27.3862
 172.132 27.4221
 172.069 27.4167
 172.111 27.5084
 172.101 27.5958
 172.222 27.8521
53 54 10
 172.222 27.8521
 172.219 28.1209
 172.392 28.171
 172.557 28.2141
 172.764 28.1849
 172.88 28.1774
 173.015 28.191
 173.115 28.1705
 173.11 28.0839
 173.096 28.0553
55 56 27
 181.188 31.1595
 181.188 31.1586
 181.247 31.168
 181.372 31.1288
 181.44 31.069
 181.451 31.0536
 181.53 31.0411
 181.689 31.0472
 181.83 31.2042
 181.929 31.4121
 182.027 31.4878
 182.135 31.5271
 182.243 31.5621
 182.328 31.6065
 182.433 31.6757
 182.573 31.7175
 182.684 31.7255
 182.91 31.6428
 183.432 31.5482
 183.891 31.3225
 184.049 31.0335
 184.17 30.831
 184.426 30.7785
 184.721 30.6762
 184.901 30.4334
 184.951 30.3526
 184.949 30.3391
57 58 17
 165.747 25.0221
 165.727 25.0479
 165.601 25.2072
 165.438 25.4481
 165.406 25.9343
 165.458 26.3022
 165.522 26.5965
 165.538 27.0317
 165.442 27.4408
 165.819 27.4472
 166.137 27.9802
 166.154 28.2675
 166.301 28.485
 166.492 28.718
 166.562 28.7269
 166.647 28.6933
 166.703 28.7058
58 59 25
 166.703 28.7058
 166.698 28.7127
 166.733 28.7532
 166.788 28.7844
 166.837 28.745
 166.917 28.6043
 167.004 28.5156
 167.051 28.5367
 167.082 28.5772
 167.174 28.624
 167.269 28.6534
 167.333 28.6809
 167.382 28.6852
 167.465 28.6455
 167.574 28.6498
 167.612 28.6913
 167.64 28.701
 167.68 28.6999
 167.721 28.719
 167.776 28.7285
 167.805 28.7042
 167.805 28.6964
 167.818 28.6895
 167.838 28.7019
 167.848 28.726
60 61 25
 171.981 20.8002
 172.066 20.9013
 172.156 21.0539
 172.067 21.2532
 171.959 21.5192
 172.001 21.8129
 172.148 22.0438
 172.334 22.1031
 172.431 22.121
 172.395 22.2635
 172.361 22.4826
 172.576 22.579
 172.809 22.6657
 172.967 22.7295
 173.109 22.7145
 173.107 22.6673
 173.286 22.5828
 173.533 22.6525
 173.655 22.756
 173.747 22.6433
 173.768 22.5277
 173.816 22.6538
 173.986 22.7903
 174.141 22.7147
 174.274 22.5079
61 62 7
 174.274 22.5079
 174.371 22.2312
 174.366 22.0197
 174.389 21.9744
 174.421 21.9909
 174.433 22.0155
 174.435 22.0213
63 64 17
 181.348 17.8897
 181.347 17.8878
 181.14 17.8229
 180.858 17.8504
 180.684 17.8681
 180.558 17.7815
 180.532 17.729
 180.493 17.5542
 180.475 17.0632
 180.603 16.6508
 180.75 16.5262
 180.762 16.397
 180.66 16.0558
 180.544 15.5972
 180.391 15.4079
 180.638 15.2915
 180.689 15.0045
64 65 19
 180.689 15.0045
 180.829 14.6714
 181.105 14.3982
 181.259 14.2884
 181.375 14.2846
 181.365 14.2444
 181.424 14.0102
 181.585 13.8182
 181.636 13.5996
 181.607 13.383
 181.79 13.4736
 182.077 13.56
 182.382 13.4335
 182.628 13.3194
 182.674 13.3264
 182.675 13.3199
 182.978 13.1199
 183.281 12.9222
 183.283 12.9182
65 68 7
 183.283 12.9182
 183.286 12.9147
 183.493 12.9982
 183.751 13.1348
 183.928 13.3111
 184.212 13.4127
 184.4 13.3838
66 67 16
 193.367 32.2842
 193.254 32.3696
 192.911 32.4801
 192.579 32.5476
 192.558 32.8508
 192.537 33.1567
 192.614 33.6125
 192.706 34.1114
 192.779 34.1296
 192.569 34.206
 192.462 34.3706
 192.418 34.5545
 192.285 34.7458
 192.16 35.04
 192.023 35.2083
 192.008 35.2518
69 70 28
 169.141 28.7685
 169.138 28.7725
 169.074 28.7829
 168.87 28.8155
 168.69 28.8204
 168.583 28.7127
 168.511 28.6279
 168.384 28.69
 168.077 28.7478
 167.874 28.7379
 167.848 28.726
 167.872 28.7428
 167.894 28.7823
 167.891 28.8248
 167.86 28.9304
 167.79 29.0649
 167.74 29.2184
 167.678 29.3846
 167.513 29.6375
 167.312 29.8179
 167.22 29.8016
 167.143 29.7958
 166.799 29.8616
 166.422 29.8996
 166.287 29.909
 166.251 29.9895
 166.245 30.0284
 166.246 30.0294
71 72 11
 185.015 20.4076
 185.026 20.4043
 185.154 20.2837
 185.724 20.2121
 186.289 20.3561
 186.468 20.3951
 186.915 20.3507
 187.769 20.144
 188.326 20.081
 188.443 20.2031
 188.477 20.1666
71 73 11
 185.015 20.4076
 184.99 20.4046
 184.905 20.3966
 184.817 20.412
 184.694 20.2868
 184.607 20.1258
 184.589 20.0607
 184.58 19.8534
 184.226 19.4941
 183.766 19.2292
 183.748 19.1421
74 75 15
 165.189 37.9082
 165.105 37.5655
 165.216 37.0015
 165.495 36.8941
 165.638 36.9255
 165.683 36.8045
 165.932 36.7189
 166.157 36.6553
 166.397 36.8283
 166.637 37.0011
 166.823 36.9371
 167.179 36.9493
 167.414 37.0141
 167.509 36.9834
 167.551 36.9648
74 76 4
 165.189 37.9082
 165.073 37.5448
 165.011 11.6291
 165.083 12.1981
74 77 5
 165.189 37.9082
 165.319 37.94
 165.456 37.9498
 165.537 37.9557
 165.564 37.9661
75 78 7
 167.551 36.9648
 167.531 36.9497
 167.579 36.8228
 167.506 36.4769
 167.292 36.1798
 167.194 36.1388
 167.141 36.1689
79 80 13
 178.454 30.0116
 178.783 29.8886
 179.147 29.9343
 179.616 30.0414
 179.885 30.1588
 179.744 30.4058
 179.704 30.7701
 179.791 30.927
 179.832 31.368
 179.953 31.7847
 180.036 31.8134
 180.093 31.8888
 180.131 31.9476
80 81 6
 180.131 31.9476
 180.171 31.913
 180.661 31.8945
 181.056 32.1078
 181.1 32.4009
 181.384 32.5806
82 83 20
 169.587 22.4367
 169.589 22.461
 169.541 22.4942
 169.443 22.4984
 169.361 22.5138
 169.469 22.6291
 169.675 22.9071
 169.7 23.1275
 169.646 23.2443
 169.603 23.3726
 169.553 23.4094
 169.607 23.4452
 169.615 23.505
 169.586 23.5894
 169.521 23.6966
 169.32 23.8426
 169.248 24.2854
 169.486 24.7541
 169.745 24.9355
 169.858 24.9965
84 85 19
 201.534 35.9379
 201.576 35.9741
 201.62 36.0112
 201.671 36.0309
 202.136 35.7381
 202.606 35.3829
 202.636 35.1898
 202.593 34.9704
 202.614 34.9089
 202.677 34.8647
 202.736 34.7488
 202.864 34.6193
 203.022 34.6361
 203.176 34.6347
 203.324 34.4854
 203.351 34.4787
 203.412 34.6359
 203.524 34.75
 203.567 34.7691
86 87 17
 182.256 19.0792
 182 18.7116
 181.879 18.3547
 181.96 18.1218
 182.1 17.9827
 182.266 17.9589
 182.39 17.9088
 182.526 17.8624
 182.647 17.8693
 182.658 17.8702
 182.666 17.8664
 182.706 17.8321
 182.9 17.5421
 183.065 17.2647
 183.173 17.1728
 183.311 17.0284
 183.396 16.9456
86 88 2
 182.256 19.0792
 182.456 19.1852
89 90 15
 167.73 31.5541
 167.797 31.5572
 167.995 31.4726
 168.304 31.2848
 168.531 31.1978
 168.618 31.1697
 168.723 31.0811
 168.789 31.0179
 168.76 30.9489
 168.77 30.6802
 168.738 30.4196
 168.814 30.3514
 169.249 30.3676
 169.545 30.401
 169.629 30.376
91 92 19
 182.093 25.3161
 182.059 25.2917
 181.986 25.2658
 181.92 25.2724
 181.984 25.2508
 182.018 25.1758
 182.025 25.0966
 182.045 25.1378
 182.12 25.1447
 182.211 25.0415
 182.337 24.8682
 182.606 24.6638
 182.678 24.217
 182.575 23.8498
 182.639 23.761
 182.698 23.7123
 182.887 23.7468
 183.056 23.7279
 183.078 23.7025
93 94 11
 201.016 13.9358
 201.012 13.9446
 200.956 13.9635
 200.828 13.9621
 200.663 13.9589
 200.406 14.0616
 199.942 14.1014
 199.533 13.9936
 199.117 13.7827
 198.7 13.5668
 198.583 13.508
95 96 14
 170.01 30.5814
 170 30.5789
 169.85 30.4667
 169.629 30.376
 169.508 30.2762
 169.507 29.9763
 169.53 29.5759
 169.492 29.3305
 169.394 29.3202
 169.268 29.3834
 169.155 29.4353
 169.207 29.2978
 169.165 28.9706
 169.138 28.7725
97 98 14
 198.848 12.8951
 198.863 12.884
 198.856 12.982
 198.83 13.0967
 198.919 13.2527
 198.924 13.4728
 198.708 13.5256
 198.583 13.508
 198.515 13.5932
 198.455 13.7236
 198.134 13.8553
 197.875 14.2564
 197.951 14.5954
 197.959 14.6204
99 100 9
 181.372 31.1288
 181.28 31.253
 181.193 31.602
 181.348 31.9221
 181.393 32.1217
 181.21 32.3862
 181.384 32.5806
 181.547 32.7787
 181.529 32.8925
101 102 9
 204.973 28.2226
 204.965 28.0425
 204.95 27.9093
 204.956 27.3635
 204.845 26.5914
 204.706 26.6135
 204.635 26.755
 204.594 26.7695
 204.586 26.7598
103 104 7
 176.783 29.5775
 176.783 29.6008
 176.857 29.9283
 176.972 30.296
 177.38 30.4644
 177.861 30.5356
 177.994 30.4107
105 106 13
 189.881 27.8677
 189.875 27.7707
 189.823 27.6596
 189.908 27.5077
 190.092 27.3408
 190.178 27.1751
 190.158 27.0236
 190.22 26.8952
 190.249 26.7753
 190.148 26.6505
 190.118 26.5496
 190.156 26.5171
 190.152 26.5079
107 108 12
 192.715 35.4059
 192.7 35.4031
 192.613 35.3917
 192.48 35.3631
 192.306 35.3379
 192.12 35.3155
 192.008 35.2518
 191.908 35.2787
 191.669 35.2617
 191.454 35.128
 191.415 35.0842
 191.411 35.0838
109 110 7
 187.266 27.7789
 187.264 27.7097
 187.111 27.5106
 186.96 27.1871
 187.031 26.8886
 187.009 26.6875
 186.821 26.6407
111 112 8
 172.395 22.2635
 172.333 22.4572
 172.036 22.5528
 171.728 22.5747
 171.652 22.5882
 171.502 22.6874
 171.395 22.7876
 171.389 22.819
113 114 7
 199.379 20.6002
 199.377 20.6103
 199.354 20.6292
 199.326 20.6645
 199.228 20.9037
 199.006 21.2597
 198.741 21.4949
115 116 8
 182.366 22.1046
 182.344 22.1776
 182.214 22.3336
 182.101 22.4122
 182.18 22.5524
 182.269 22.6925
 182.369 22.7196
 182.521 22.8498
117 118 4
 204.398 16.0532
 204.458 16.034
 204.717 16.2117
 204.927 16.4367
119 120 8
 203.991 33.43
 203.992 33.452
 203.983 33.5543
 203.942 33.6517
 203.887 33.6969
 203.852 33.7614
 203.817 33.9164
 203.765 34.0396
121 122 5
 177.548 21.7948
 177.578 21.7798
 177.642 21.5786
 177.633 21.3591
 177.553 21.3029
123 124 6
 175.68 26.5335
 175.745 26.5147
 175.742 26.4178
 175.724 26.3081
 175.759 26.266
 175.758 26.2584
125 126 2
 204.952 16.7724
 204.964 17.0801
127 128 4
 184.176 14.2796
 184.17 14.2699
 184.128 14.1687
 184.106 14.0448
129 130 4
 176.014 33.5351
 176.036 33.5248
 176.118 33.5042
 176.186 33.5107
131 132 2
 165.319 37.94
 165.235 37.9257
133 134 3
 168.371 23.3133
 168.356 23.3149
 168.32 23.2871
135 136 2
 172.035 27.3861
 172.069 27.4167
137 138 2
 174.874 26.3091
 174.883 26.3158
