]0;IPython: COMA_WORK_lappy/FILAMENTS0
1
1
1
1
1
1
1
1
1
1
1
1
1
1
1
1
1
1
1
1
1
1
1
1
1
1
1
1
1
1
1
1
1
1
1
1
1
1
1
1
1
1
1
1
1
1
1
1
1
1
1
1
1
1
1
1
1
1
1
1
1
1
1
1
1
1
1
1
1
1
1
1
1
1
1
1
1
1
1
1
1
1
1
1
1
1
1
1
1
1
1
1
1
1
1
1
1
1
1
1
1
1
1
1
1
1
1
1
1
1
1
1
1
1
1
1
1
1
1
1
1
1
1
1
1
1
1
1
1
1
1
1
1
1
1
1
1
1
1
1
1
1
1
1
1
1
1
1
1
1
1
1
1
1
1
1
1
1
1
1
1
1
1
1
1
1
1
1
1
1
1
1
1
1
1
1
1
1
1
1
1
1
1
1
1
1
1
1
1
1
1
1
1
1
1
1
1
1
1
1
1
1
1
1
1
1
1
1
1
1
1
1
1
1
1
1
1
1
1
1
1
1
1
1
1
1
1
1
1
1
1
1
1
1
1
1
1
1
1
1
1
1
1
1
1
1
1
1
1
2
2
2
2
2
2
2
2
2
2
2
2
2
2
2
2
2
2
2
2
2
2
2
2
2
2
3
3
3
3
3
3
3
3
3
3
3
3
3
3
3
3
3
3
3
3
4
4
4
4
4
4
4
4
5
5
5
5
5
5
5
5
5
5
5
5
5
5
5
6
6
6
6
6
6
6
6
6
6
7
7
7
7
7
7
7
7
7
7
7
7
7
7
7
7
7
7
7
7
7
7
7
7
7
7
7
7
7
7
7
7
7
7
7
7
7
7
7
7
7
7
7
7
7
7
7
7
7
7
7
7
7
7
7
7
7
7
7
7
7
7
7
7
7
7
7
7
7
7
7
7
7
7
7
7
7
7
7
7
7
7
7
7
7
7
7
7
7
7
7
7
7
7
7
8
8
8
8
8
8
8
8
8
8
8
8
8
8
8
8
8
8
8
8
8
8
8
9
9
9
9
9
9
9
9
9
9
9
9
9
9
9
9
9
9
9
9
9
9
9
9
9
9
9
9
9
9
9
9
9
9
9
9
9
9
9
9
9
9
9
9
9
9
9
9
9
9
9
9
9
9
9
9
9
9
9
9
9
9
9
9
9
9
9
9
9
9
9
9
9
9
9
9
9
9
9
9
9
9
9
9
9
9
9
9
9
9
9
9
9
9
9
9
9
9
9
9
9
9
9
9
9
9
9
9
9
9
9
10
10
10
10
10
10
10
10
10
10
10
10
10
10
10
10
10
10
10
10
10
10
10
10
11
11
11
11
11
11
11
11
11
11
11
11
11
11
11
11
11
11
11
11
11
11
11
11
11
11
11
11
11
11
11
11
11
11
11
11
11
11
11
11
11
11
11
11
11
11
11
11
11
11
11
11
11
11
11
11
11
11
11
11
11
11
11
11
11
11
11
11
11
11
11
11
11
11
11
11
11
11
12
12
12
12
12
12
12
12
12
12
12
12
12
12
12
12
12
12
12
12
12
12
12
12
12
12
12
12
12
12
12
12
12
12
12
12
12
12
12
12
12
12
12
12
12
12
12
12
12
13
13
13
13
13
13
13
13
13
13
13
13
13
13
13
13
13
13
13
13
13
13
13
13
13
13
13
13
13
13
13
13
13
13
13
13
13
13
13
13
13
13
13
13
13
13
13
13
13
13
13
13
13
13
13
13
13
13
13
13
13
13
13
13
13
13
13
13
13
14
14
14
14
14
14
14
14
14
14
14
14
14
14
14
14
14
14
15
15
15
15
15
15
15
15
15
15
15
15
15
15
15
15
15
15
15
15
15
15
15
15
15
15
15
15
15
15
15
15
15
15
15
15
15
15
15
15
15
15
15
15
15
15
15
15
15
15
15
15
15
15
15
15
15
15
15
15
15
15
15
15
15
15
15
15
15
15
15
15
15
15
15
16
16
16
16
16
16
16
16
16
16
16
16
16
16
16
16
16
16
16
16
16
16
16
16
16
16
16
16
16
16
16
16
16
16
16
16
16
16
16
16
16
16
16
16
16
16
16
16
16
16
16
16
17
17
17
17
17
17
18
18
18
18
18
18
18
18
18
18
18
18
18
18
18
18
18
18
18
18
18
18
18
18
18
18
18
18
18
18
18
18
18
18
18
18
18
18
18
18
18
18
18
18
18
18
18
18
18
18
18
18
18
18
18
18
18
18
18
18
18
18
18
18
18
18
18
18
18
18
18
18
18
18
18
18
18
18
18
18
18
18
18
18
18
18
19
19
19
19
19
19
19
20
20
20
20
20
20
20
20
20
20
20
20
20
20
20
20
20
20
20
21
21
21
21
21
21
21
21
21
21
21
21
21
21
21
21
21
21
21
21
21
21
21
21
21
21
21
21
21
21
21
22
22
22
22
22
22
22
22
22
22
22
22
22
22
22
22
22
22
22
22
22
22
22
22
22
22
22
22
22
22
22
22
22
22
22
22
22
22
22
22
22
22
22
22
22
22
22
22
22
22
22
22
22
22
22
22
22
22
22
22
22
22
22
22
22
22
22
22
22
22
22
22
22
23
23
23
23
23
23
23
23
23
23
23
23
23
23
23
23
23
23
23
23
23
23
23
23
23
23
23
23
23
23
23
23
23
23
23
23
23
23
23
23
23
23
23
23
23
23
23
23
23
23
23
23
23
23
23
23
23
23
23
23
23
23
23
23
23
23
23
23
23
23
23
23
23
23
23
23
23
23
23
23
23
23
23
23
24
24
24
24
24
24
24
24
24
24
24
24
24
24
24
24
24
24
24
24
24
24
24
24
24
24
25
25
25
25
25
25
25
25
25
25
25
25
25
25
25
25
25
25
25
25
25
25
25
25
25
25
25
25
25
25
25
25
25
25
25
25
25
25
25
25
25
26
26
26
26
26
26
26
26
26
26
26
26
26
26
26
26
26
26
26
26
26
26
26
26
26
26
26
26
26
26
26
26
26
26
26
26
26
26
26
26
26
26
26
26
26
26
26
26
26
26
26
26
26
26
26
27
27
27
27
27
27
27
27
27
27
27
27
27
27
27
27
27
27
27
27
27
27
27
27
27
27
27
27
27
27
27
28
28
28
28
28
28
28
28
28
28
28
28
28
28
28
28
28
28
28
28
28
28
28
28
29
29
29
29
29
29
29
29
29
30
30
30
30
30
30
30
30
30
30
30
30
30
30
30
30
30
30
30
30
30
30
30
30
30
30
30
30
30
30
31
31
31
31
32
32
32
32
32
32
32
32
32
32
32
32
32
32
32
32
32
32
32
32
32
32
32
32
32
32
32
32
32
32
32
32
32
32
32
32
32
32
32
32
32
32
32
32
32
33
33
33
33
33
33
33
33
33
33
33
33
33
33
33
33
33
33
33
33
33
33
33
33
33
33
33
33
33
33
33
33
33
33
33
33
34
34
34
34
34
34
34
34
34
34
34
34
34
34
34
34
34
34
34
35
35
35
35
35
35
35
35
35
35
35
35
35
35
35
35
35
35
35
35
35
35
35
36
36
36
36
36
36
36
36
36
36
36
37
37
37
37
37
37
37
37
37
37
37
37
37
37
37
37
37
37
37
37
37
37
37
37
37
37
37
37
38
38
38
38
38
38
38
38
38
38
38
38
38
38
38
38
38
38
39
39
39
39
39
39
39
39
39
39
39
39
39
39
39
39
39
39
39
39
39
39
39
39
39
39
40
40
40
40
40
40
40
40
40
40
40
40
40
40
40
40
40
40
40
40
40
40
40
40
40
40
41
41
41
41
41
41
41
41
42
42
42
42
42
42
42
42
42
42
42
42
42
42
42
42
42
42
43
43
43
43
43
43
43
43
43
43
43
43
43
43
43
43
43
43
43
43
44
44
44
44
44
44
44
44
45
45
45
45
45
45
45
45
45
45
45
45
45
45
45
45
45
46
46
46
46
46
46
46
46
46
46
46
46
46
46
46
46
46
46
46
46
46
46
46
46
46
46
46
46
46
47
47
47
47
47
47
47
47
47
47
47
47
48
48
48
48
48
48
48
48
48
48
48
48
49
49
49
49
49
49
49
49
49
49
49
49
49
49
49
49
50
50
50
50
50
51
51
51
51
51
51
52
52
52
52
52
52
52
52
53
53
53
53
53
53
53
53
53
53
53
53
53
53
54
54
54
54
54
54
54
55
55
55
55
55
55
55
55
55
55
55
55
55
55
55
55
55
55
55
55
55
56
56
56
56
56
56
56
56
56
56
56
56
56
56
56
56
56
56
56
56
57
57
57
57
57
57
57
57
57
57
57
57
57
57
57
57
57
57
58
58
58
59
59
59
59
59
59
59
59
59
59
59
59
59
59
59
59
60
60
60
60
60
60
60
60
60
60
60
60
60
60
60
60
60
60
60
60
61
61
61
61
61
61
61
61
61
61
61
61
62
62
62
62
62
62
62
62
62
62
62
62
62
62
62
63
63
63
63
63
63
63
63
63
63
63
63
63
63
63
64
64
64
64
64
64
64
64
64
64
65
65
65
65
65
65
65
65
65
65
66
66
66
66
66
66
66
66
67
67
67
67
67
67
67
67
67
67
67
67
67
67
68
68
68
68
68
68
68
68
68
68
68
68
68
69
69
69
69
69
69
69
69
70
70
70
70
70
70
70
70
70
71
71
71
71
71
71
71
71
72
72
72
72
72
72
72
72
72
73
73
73
73
73
74
74
74
74
74
74
74
74
74
75
75
75
75
75
75
76
76
76
76
76
76
76
77
77
77
78
78
78
78
78
79
79
79
79
79
80
80
80
81
81
81
81
82
82
82
83
83
filament_1.dat
filament_2.dat
filament_3.dat
filament_4.dat
filament_5.dat
filament_6.dat
filament_7.dat
filament_8.dat
filament_9.dat
filament_10.dat
filament_11.dat
filament_12.dat
filament_13.dat
filament_14.dat
filament_15.dat
filament_16.dat
filament_17.dat
filament_18.dat
filament_19.dat
filament_20.dat
filament_21.dat
filament_22.dat
filament_23.dat
filament_24.dat
filament_25.dat
filament_26.dat
filament_27.dat
filament_28.dat
[0;31m[0m
[0;31mKeyboardInterrupt[0mTraceback (most recent call last)
[0;32m/home/ankit/Python_Environments/EAGLE/DisPerSE/TESTING/COMA_WORK/COMA_WORK_lappy/FILAMENTS/STEP1.py[0m in [0;36m<module>[0;34m()[0m
[1;32m     71[0m [0;34m[0m[0m
[1;32m     72[0m             [0mlenght_dist[0m[0;34m.[0m[0mappend[0m[0;34m([0m[0mc1[0m[0;34m.[0m[0mseparation_3d[0m[0;34m([0m[0mc2[0m[0;34m)[0m[0;34m.[0m[0mvalue[0m[0;34m)[0m[0;34m[0m[0m
[0;32m---> 73[0;31m             [0mlength[0m [0;34m+=[0m [0mc1[0m[0;34m.[0m[0mseparation_3d[0m[0;34m([0m[0mc2[0m[0;34m)[0m[0;34m[0m[0m
[0m[1;32m     74[0m [0;34m[0m[0m
[1;32m     75[0m         [0;32mwith[0m [0mopen[0m[0;34m([0m[0;34m"Distances60.dat"[0m[0;34m,[0m[0;34m'a'[0m[0;34m)[0m [0;32mas[0m [0mdist_file[0m[0;34m:[0m[0;34m[0m[0m

[0;32m/home/ankit/Python_Environments/EAGLE/lib/python2.7/site-packages/astropy/coordinates/sky_coordinate.pyc[0m in [0;36mseparation_3d[0;34m(self, other)[0m
[1;32m    796[0m                              'cannot compute 3d separation.')
[1;32m    797[0m [0;34m[0m[0m
[0;32m--> 798[0;31m         [0;32mreturn[0m [0mDistance[0m[0;34m([0m[0;34m([0m[0mself[0m[0;34m.[0m[0mcartesian[0m [0;34m-[0m [0mother[0m[0;34m.[0m[0mcartesian[0m[0;34m)[0m[0;34m.[0m[0mnorm[0m[0;34m([0m[0;34m)[0m[0;34m)[0m[0;34m[0m[0m
[0m[1;32m    799[0m [0;34m[0m[0m
[1;32m    800[0m     [0;32mdef[0m [0mspherical_offsets_to[0m[0;34m([0m[0mself[0m[0;34m,[0m [0mtocoord[0m[0;34m)[0m[0;34m:[0m[0;34m[0m[0m

[0;32m/home/ankit/Python_Environments/EAGLE/lib/python2.7/site-packages/astropy/coordinates/sky_coordinate.pyc[0m in [0;36m__getattr__[0;34m(self, attr)[0m
[1;32m    508[0m             [0;31m# Some attributes might not fall in the above category but still[0m[0;34m[0m[0;34m[0m[0m
[1;32m    509[0m             [0;31m# are available through self._sky_coord_frame.[0m[0;34m[0m[0;34m[0m[0m
[0;32m--> 510[0;31m             [0;32mif[0m [0;32mnot[0m [0mattr[0m[0;34m.[0m[0mstartswith[0m[0;34m([0m[0;34m'_'[0m[0;34m)[0m [0;32mand[0m [0mhasattr[0m[0;34m([0m[0mself[0m[0;34m.[0m[0m_sky_coord_frame[0m[0;34m,[0m [0mattr[0m[0;34m)[0m[0;34m:[0m[0;34m[0m[0m
[0m[1;32m    511[0m                 [0;32mreturn[0m [0mgetattr[0m[0;34m([0m[0mself[0m[0;34m.[0m[0m_sky_coord_frame[0m[0;34m,[0m [0mattr[0m[0;34m)[0m[0;34m[0m[0m
[1;32m    512[0m [0;34m[0m[0m

[0;32m/home/ankit/Python_Environments/EAGLE/lib/python2.7/site-packages/astropy/coordinates/baseframe.pyc[0m in [0;36mcartesian[0;34m(self)[0m
[1;32m   1336[0m         [0;31m# TODO: if representations are updated to use a full transform graph,[0m[0;34m[0m[0;34m[0m[0m
[1;32m   1337[0m         [0;31m#       the representation aliases should not be hard-coded like this[0m[0;34m[0m[0;34m[0m[0m
[0;32m-> 1338[0;31m         [0;32mreturn[0m [0mself[0m[0;34m.[0m[0mrepresent_as[0m[0;34m([0m[0;34m'cartesian'[0m[0;34m,[0m [0min_frame_units[0m[0;34m=[0m[0mTrue[0m[0;34m)[0m[0;34m[0m[0m
[0m[1;32m   1339[0m [0;34m[0m[0m
[1;32m   1340[0m     [0;34m@[0m[0mproperty[0m[0;34m[0m[0m

[0;32m/home/ankit/Python_Environments/EAGLE/lib/python2.7/site-packages/astropy/coordinates/baseframe.pyc[0m in [0;36mrepresent_as[0;34m(self, base, s, in_frame_units)[0m
[1;32m    812[0m [0;34m[0m[0m
[1;32m    813[0m         [0mcached_repr[0m [0;34m=[0m [0mself[0m[0;34m.[0m[0mcache[0m[0;34m[[0m[0;34m'representation'[0m[0;34m][0m[0;34m.[0m[0mget[0m[0;34m([0m[0mcache_key[0m[0;34m)[0m[0;34m[0m[0m
[0;32m--> 814[0;31m         [0;32mif[0m [0;32mnot[0m [0mcached_repr[0m[0;34m:[0m[0;34m[0m[0m
[0m[1;32m    815[0m             [0;32mif[0m [0mdifferential_cls[0m[0;34m:[0m[0;34m[0m[0m
[1;32m    816[0m                 [0;31m# TODO NOTE: only supports a single differential[0m[0;34m[0m[0;34m[0m[0m

[0;32m/home/ankit/Python_Environments/EAGLE/lib/python2.7/site-packages/astropy/utils/misc.pyc[0m in [0;36m__nonzero__[0;34m(self)[0m
[1;32m    939[0m     [0;32mdef[0m [0m__nonzero__[0m[0;34m([0m[0mself[0m[0;34m)[0m[0;34m:[0m  [0;31m# Python 2[0m[0;34m[0m[0m
[1;32m    940[0m         [0;34m"""Any instance should evaluate to True, except when it is empty."""[0m[0;34m[0m[0m
[0;32m--> 941[0;31m         [0;32mreturn[0m [0mself[0m[0;34m.[0m[0msize[0m [0;34m>[0m [0;36m0[0m[0;34m[0m[0m
[0m[1;32m    942[0m [0;34m[0m[0m
[1;32m    943[0m     [0;32mdef[0m [0m__getitem__[0m[0;34m([0m[0mself[0m[0;34m,[0m [0mitem[0m[0;34m)[0m[0;34m:[0m[0;34m[0m[0m

[0;32m/home/ankit/Python_Environments/EAGLE/lib/python2.7/site-packages/astropy/utils/misc.pyc[0m in [0;36msize[0;34m(self)[0m
[1;32m    919[0m         [0;34m"""The size of the object, as calculated from its shape."""[0m[0;34m[0m[0m
[1;32m    920[0m         [0msize[0m [0;34m=[0m [0;36m1[0m[0;34m[0m[0m
[0;32m--> 921[0;31m         [0;32mfor[0m [0msh[0m [0;32min[0m [0mself[0m[0;34m.[0m[0mshape[0m[0;34m:[0m[0;34m[0m[0m
[0m[1;32m    922[0m             [0msize[0m [0;34m*=[0m [0msh[0m[0;34m[0m[0m
[1;32m    923[0m         [0;32mreturn[0m [0msize[0m[0;34m[0m[0m

[0;31mKeyboardInterrupt[0m: 
