39.6938545857
23.1145544156
7.61372787619
10.7177762379
29.9559763917
8.78786059354
29.0973473686
39.367877336
10.3392425651
2.59244372099
1.52731199976
1.52734040997
23.015176586
17.8429036774
8.32427239102
18.7355357854
5.4180857903
4.63719897232
21.9029912399
4.02053864905
21.1030137359
21.4324449205
14.5370229225
9.92331702701
15.0697571899
13.3436549461
24.2299596999
10.1056130484
27.2568992066
11.5087080634
14.5075800761
4.1620911351
6.68427874084
4.35562766276
7.5585158643
2.77529959241
11.80031899
15.1664651155
13.6707712192
6.87869212733
38.2195116831
28.5274727942
4.51459007651
3.69724054155
18.6965179518
13.0895056368
1.64112978029
1.41117937345
33.4678279125
6.2514359116
25.7740023295
28.1195778587
21.4539299586
7.49696996882
21.4281157814
11.8889796038
8.10548602499
7.75507601261
45.8506405183
8.352384629
8.36892754388
2.77773828279
51.0187765267
52.8540602287
6.05321264243
11.5779239388
13.7247035871
7.0947392837
14.1376183851
24.0156644993
17.0876560189
7.09468312724
2.36211710111
1.53263724259
36.0901781326
9.24222059033
22.0035424584
9.71618658606
29.0399868384
18.2934744604
17.3087931258
7.22042852771
26.569147148
5.22939268307
31.1568357499
9.22689408237
43.6406512839
55.4810694652
10.0404897695
6.36005956395
11.2573217886
5.913617775
17.2820787231
3.24898180864
7.93481981072
6.59748557694
8.12194451601
3.55475740025
4.66964221993
6.13487884391
12.5589740172
2.76796015959
11.2937388468
3.59643764338
24.854985547
10.5375673126
18.6237139919
18.4099408921
8.85658274309
3.07709853515
12.8269770065
9.55622379139
2.67369611702
2.74829880968
20.3987167348
21.1991288427
23.3910405182
7.88979312776
8.46548074684
5.38648446778
10.6252444776
20.737762199
33.4962451056
9.88427663426
15.3368347073
23.1235890887
8.03890745271
6.91413432351
12.4842797499
6.43070809759
36.9158575735
9.75587334308
7.50343841193
4.64794216375
10.1224415207
4.64863474115
17.9482261789
6.02501388314
5.30021298553
6.64269441558
6.59145704363
8.18018528447
5.59570624782
7.78121776688
8.41148316719
6.40043342957
1.24991145686
5.09498234128
28.602542603
6.81658368387
9.9438320972
22.7123503618
17.3974582662
18.5947678798
33.5032099907
12.7138536133
26.5647216399
11.656565956
4.65446676198
3.1338120612
17.4563687107
7.35219391273
1.8354875523
6.26553842357
36.6581897161
14.4938411364
13.5353517615
2.7423112232
6.06114935844
4.73555264905
18.9526138634
26.9141475665
6.12508003803
5.17916122648
27.5639453059
20.3751118517
13.1974081793
5.16234227881
7.05081228817
3.15302906877
5.38130415947
2.98081956393
16.6031379113
11.6340084832
2.17936729948
2.3559041451
20.2252029777
14.1564401624
7.67164755022
9.84886245251
29.0250106546
14.0813198242
10.8874702203
9.22893217689
9.99610040552
7.81602266259
5.14599759593
3.79985067622
11.5974102065
9.72650951523
3.59341623005
1.69546041489
7.78253533635
11.9518308789
15.3167862724
16.6184248154
12.8264155421
9.63025923496
12.1106239288
6.54040362928
7.50143253851
6.37389136553
2.98573511482
3.29134709004
20.0651631574
20.3342058041
14.3707233246
19.1133114817
17.6984189979
16.6258693092
15.9476331301
15.7735460504
25.16444025
4.3232614082
15.0641481563
10.5662993925
11.1946334217
4.08014356214
35.1248564206
20.0593212675
14.6377406568
4.2102083282
10.119193364
2.34813549369
22.9234733251
7.71816113773
31.7823342758
4.57719971898
7.28887009385
9.16197742814
1.14336944552
3.074784599
7.3922612899
4.23884751284
22.0838813216
10.5727652711
5.44397375779
4.77027823806
2.56687805504
5.1023897549
13.427084638
5.19599215814
25.3037923411
1.45005114301
11.9244328131
3.12084223948
22.3276231523
26.4594885869
37.3722811542
41.4935123723
58.7463796029
38.0597882316
11.820203187
8.98147694571
5.21039480133
1.93209884603
10.952802173
5.02504715719
4.70472681563
2.69802313171
9.94579339544
4.47358266212
5.63911217532
5.21688229417
6.95937859164
1.86353611145
16.3645398836
14.4528160808
23.6037165596
6.77621196794
1.09002184407
1.09002184407
34.3479610529
3.79439974292
10.3456625343
5.67437866118
16.0133079303
12.1871889317
5.0368948792
5.47257908579
9.34290587424
4.35891564376
15.5854990818
7.13181457339
29.7216702118
7.21326378148
5.12366215079
5.26507946835
4.14048041759
5.88411501432
23.6154788542
18.1473751138
20.7160940967
6.73392287085
13.9939799639
3.63858772853
14.4120449208
4.25900125281
8.57960789792
22.4238406559
21.8850900064
23.4316175924
28.6878514462
9.56164790552
21.879901101
8.12996606956
15.2681425681
7.35936480872
33.2785209515
8.84138886
11.9305273144
3.75323821706
12.2343901836
5.00434536118
17.1553676726
77.9020671148
20.7849464685
6.22528268743
31.123341639
18.4941881278
3.42445136196
3.31454468857
26.8221022249
5.88751927024
19.7408856615
25.8398733573
12.6911082435
8.81513663294
31.6868027143
24.0575362371
14.2885268413
7.28092345813
41.2075857455
35.0308611951
7.74042407803
13.2570300384
30.2136603437
13.5690982499
9.65135231504
4.85719101469
13.8735579242
8.37208598632
9.1425954028
9.57757823782
20.628480027
23.9387171488
7.88337978925
1.38144027185
21.335220237
12.4536591852
2.70813803006
9.46940897245
15.6175593249
5.04349636877
4.72835156527
1.98159030655
3.25560931172
3.34203635027
25.7413932269
6.83128639552
6.75583184214
1.60141440279
20.0004128193
13.2396948202
11.8401395043
31.5759486458
11.5278109735
3.08150518016
5.20503104744
4.39231613754
14.1994005784
1.39129834358
24.1293655917
15.1826552293
18.5382076297
13.8412654929
25.8667714603
7.54724579454
14.3537482838
2.56600249814
5.44052032316
7.70185040771
21.2556255662
6.36442011303
6.83703064945
4.61268963576
8.35593471669
8.29547555786
7.27480617644
4.63956270613
21.4408905111
19.494738431
18.7061060467
22.4717224865
19.8642986329
5.28746996238
3.14413371506
6.68687635865
26.5289096339
7.05661558974
19.2359106406
16.9082214611
37.452264026
3.05288183325
16.9615326557
20.1475913163
17.6590204316
3.34304519186
21.4212505658
6.55624870322
1.5099925066
3.71916241759
2.86388652921
2.9171707774
15.6176898138
23.4657607293
4.94356675141
5.93727813091
18.5401213128
29.9167622578
15.7368542361
16.4094958097
23.3920190826
21.2638669692
21.7713980788
10.4186227804
58.5021661839
42.0970033815
14.9504398292
4.0802944976
26.7193113195
4.61207115182
27.0287686806
6.83051911219
30.141730285
14.4707315599
10.8217647958
2.58789924293
8.9720809484
11.3042627556
15.7364937577
17.3358172627
7.91252057603
18.62366455
7.53212429338
1.14663161477
17.9937857448
13.7405550295
17.5659704632
11.4729936925
29.7906114572
13.5799191294
32.1419284893
7.76567086442
14.1544040104
4.92447004612
12.2706432738
10.348253587
23.0790525784
3.37530679791
14.6436562091
25.5058833009
22.6743691906
16.7482794299
39.016815059
22.7132029007
0.750534990498
0.750463875172
3.81300172378
4.05209043506
5.80601847355
5.680781152
12.8785191578
5.06521096506
17.9165676805
7.68442045203
11.6409534121
11.8252165632
3.54722653036
2.16674624393
16.4810821005
24.1528039158
29.3451369385
26.1916762551
15.459663719
11.2000998691
8.48435541591
6.30282637538
6.33168427502
1.57131136572
17.1517350031
1.88475657496
4.46267733235
2.55207948631
7.22751837356
1.71175154462
25.7288124487
23.8492787427
26.7973451176
10.5713318299
26.5983879044
24.1585286441
22.2130653979
3.31374172527
30.1317471766
11.1323867946
15.6657456356
5.15303782197
14.8114150958
28.9558202543
4.74380571224
2.48533737354
4.34610942621
3.7257209638
12.5308175926
3.0230194331
8.26053114839
6.9578531912
1.55649240596
1.52229325375
4.08447268682
3.13680266661
5.21506041699
2.21655325943
20.5213514602
9.14376899891
13.2587230815
20.7916524342
3.56728138378
4.77707568547
2.02688542916
4.63365888953
12.6327945911
9.14439759579
15.4956533458
2.65716590616
20.8790357395
11.9486399449
10.8733758033
17.2495956886
15.299310596
10.048710062
5.00502700223
4.13092261216
5.31696021151
25.5348384723
7.09469731601
2.49495912262
1.98609065047
3.59460509605
18.0382432051
10.1072427801
21.6455392999
27.2272290609
3.98850663782
12.1851045927
0.0
0.0220417785126
7.3522594138
20.0203599606
17.9099146027
24.7469315682
6.91368301331
2.03054960764
8.15101006923
25.9391267728
27.8995163772
13.9509940734
15.1627690893
0.0
6.96867955925
1.33726518036
0.131977745602
1.31047501067
26.5169282615
0.497277743412
0.0
22.2018988052
32.3748596966
24.3998497084
30.7761747024
0.184777768108
5.31315284016
35.860024642
0.495811250954
8.85001258484
14.7452670121
32.5809114322
16.6254200009
1.96700459814
3.52493352494
11.4292973769
4.66457534133
21.4458808529
55.8336930119
13.8344128274
3.89830294688
34.819159801
11.2212242561
8.44826884319
14.187996786
20.1776124256
28.6475493275
17.4081621753
4.37752643927
26.8591030773
47.9304889391
17.0998432428
40.7055086309
60.2811378098
18.6669405502
11.8276569919
12.8606959996
35.0883074541
0.695595902504
0.204021210555
16.8759331532
21.2056019121
11.8905422559
20.1712966858
26.0905518657
13.5042387399
24.4370631917
57.1116885473
23.3188385474
16.2833579245
2.16481056993
1.2034770219
1.08073540616
38.7871224778
15.4038831866
21.494558428
8.74815790256
16.0086315598
0.220392154772
23.1820358211
31.639246185
3.0097302708
20.367615711
55.7565875858
12.4472291653
0.889790524081
0.541390013077
4.27814282421
0.0
31.4170344716
41.2387603774
3.61563933987
29.4093170391
13.5249743194
0.954154035025
10.6086102874
18.6920892002
14.2297951636
15.6569893404
49.4017170271
50.1349131602
10.7521696334
32.0784195713
25.770044057
38.5079502678
32.3958398649
7.02901631071
8.92667761582
13.504229295
6.93980227436
5.43817184281
0.58297687793
5.23089864058
7.65049807335
28.5055579671
24.7871284553
5.57417727788
28.1022576727
8.71830889738
13.6313085578
0.0
12.8728892516
9.89888391219
0.0
4.29631894556
7.11161882847
0.228979568081
20.735463747
1.01913532852
7.997146065
25.0434189891
29.8598782959
17.6323435848
14.4194802114
4.90130653157
4.81894234502
11.8295517877
17.6757035524
0.290080444972
0.0
15.0379328083
0.0
1.34427720356
0.151540704634
1.26589954553
0.0
0.425456605439
