14.4216493328
22.4558070615
25.3739196901
9.85128288341
13.1210748874
12.7222085436
5.39222122054
3.77073767318
13.5606189847
2.62066624151
2.66496222854
1.04405255151
14.4711978172
15.7982077605
2.34078529916
3.08071791983
15.3951655177
4.02584638489
21.3982272252
4.6488621372
3.61071477934
1.6026260665
7.850904963
13.4297388026
6.23006001822
7.99118062795
4.01907530649
1.39788403414
26.8277460764
13.1955681953
15.9364076754
15.218713408
4.70226192929
1.77608715365
29.7826149263
21.6382493668
38.0884158438
38.6843396234
6.41988846843
1.03885456066
4.49191007848
3.31969821441
4.35148107065
4.27705608039
7.1029792327
7.34654386153
9.5527822152
5.35405114678
18.2703226862
16.4125243209
8.33598887109
1.01849484878
22.1498795212
5.64318556539
13.4405582336
3.84249431484
30.9819427856
2.37921635559
10.0726820233
7.27976109492
5.53749095269
2.37947138736
9.76778892689
6.55630752575
8.95427308516
2.53347924403
31.9721141728
19.8264765011
7.19511889907
1.69444111419
7.04421576988
2.71845912463
17.1491344173
7.47519670037
6.3630417585
6.78653008701
19.7152478484
7.02437622267
12.7422475461
4.10558236946
14.9283396532
7.20284971991
16.0349973128
4.28735504078
4.11505581274
3.79552371714
8.21226537723
5.85891922299
1.09483823956
3.09938225501
2.8562399206
6.59104167065
7.86272152878
2.11192867422
8.94878183542
14.3042705772
27.6796851776
2.422707647
9.4542535684
4.4101147925
28.4725787833
11.0938519992
3.34917427947
7.89899711864
6.22538332278
6.07636081028
8.06805684026
7.95740022944
1.46172060344
3.13471968016
16.5406385625
6.99041462741
4.04243448814
6.67088488599
5.29091680226
6.07171124893
2.92296304598
2.47449085322
2.55561674168
7.59106388989
48.1365615845
2.80132055971
13.583933507
20.1557272827
2.56429235999
5.97692224206
10.8352557202
7.46952585417
6.86605947071
2.34272381554
4.87549796826
3.03532058838
5.8918075104
5.95608687955
14.9747254721
11.2051866693
4.25610701764
3.12833103568
35.1393719847
9.24880724603
7.19118503537
2.91255985934
10.0436632894
3.50909518166
12.171058256
7.90079387877
13.7686298393
2.48816689314
5.70527203161
2.84517189894
14.617344817
6.05585208368
11.2611442258
8.16360963495
6.54527834084
4.09988696853
2.38847194655
5.71402002177
14.0787407745
5.04496487149
3.18435704119
1.64222899585
12.2344399426
7.99302951823
10.311584461
10.6217488848
16.6431602561
2.80106109455
41.6710231606
24.3423826034
4.52099468099
1.85371401945
24.2159136473
5.46321731208
13.5537245925
6.36532632701
12.0414920446
3.45619175205
2.39573407698
3.50177384582
2.90855605841
1.60559188741
5.19017185287
8.20658628866
3.51551986678
5.89036670424
13.6817643997
31.6910817066
5.16730138309
4.08856927447
10.2280073595
3.78633298905
7.02297907404
6.97153057494
0.692753709271
1.07957240691
0.997180399928
1.15663091906
9.72296746279
2.15469111081
10.6221470843
14.6503475075
2.83459677112
2.82218935303
3.35315434378
17.1277316312
19.1568997047
4.12625124433
2.34027431418
2.27905973045
27.6345473755
15.0646589334
2.93953963703
3.3722644934
4.60303261133
8.14173251925
1.81553187035
2.8603431323
3.24922631216
2.28017772454
2.37543144353
2.34458536351
3.32303656065
6.87901420307
5.70132220222
3.97378853558
5.18485960767
9.75967680733
9.70075927087
3.69540546101
11.0199111176
5.98752916438
10.9774811133
3.50880542049
5.15806822528
19.9701608739
4.20242147622
7.25844671781
2.44002448583
4.46077487093
7.60421370773
8.9391789073
2.69286669958
0.778359666221
3.32865535678
4.86092471522
19.1381951702
8.45393217481
3.11839770751
2.06503887839
4.314891642
8.7830581792
21.8573527157
5.92906006161
19.569490121
3.12557221903
22.1508850642
10.6158875347
2.65765025811
2.2800184954
11.2720285329
7.40084911519
4.66266167833
4.76812056424
5.23852705575
3.0693231375
5.91213710194
5.28380956249
6.77716959713
3.47777631171
6.31286745389
4.31441174967
7.93872596718
2.98979046746
4.13908045071
3.47416228279
6.98319876041
12.9432017362
3.43311124474
2.00022763964
13.3044541999
4.73601924357
1.64663910621
4.30120885698
6.93368585104
6.82368039261
33.4137608221
21.3355821262
11.4717536604
11.2901022202
0.156262438225
0.794385280896
0.942625762919
0.486476353485
2.43123492404
4.87780832966
3.51732697826
4.22063342941
18.2175580976
21.1145380969
4.15083879216
10.6279274279
12.2336282013
6.90289076715
16.543090345
3.51130410245
4.41250959278
15.6873226575
23.8710727038
6.44483681501
2.10159634178
3.36787911143
5.89198761684
3.22438605178
4.58580756918
5.53924020616
4.10328547224
1.93625858389
3.10903998333
1.72768539807
16.0877293213
6.56837385439
5.68260351203
24.6181305136
9.27467521516
4.75304191988
5.96184409252
2.83114707094
4.44423383409
8.36971717985
11.3881613868
2.37936269379
0.3383507001
0.0634833048919
1.39500353982
3.32973639744
17.0728453557
1.8647174003
4.03289647483
2.55193905719
7.00152865004
12.9769725743
7.49958484177
5.16967039201
1.60757285617
3.09443201672
2.98845288115
3.15616052544
23.0660491584
37.3303262103
4.09787332684
5.7182045779
3.64689807393
3.44719658185
2.28585579185
4.58738071847
6.4126122478
1.54956766142
7.28181553809
3.17782555338
21.8080774052
16.2998760438
23.4779958302
6.96484526904
2.19048169064
2.87433440698
28.9721121408
9.12554516611
2.11059494171
2.38953284279
2.80887868874
3.34275334576
4.91326995738
7.7063217573
4.0353247746
3.14602465495
7.54027400336
5.65172551191
1.24513430733
2.03288525918
2.70103934553
2.8506366044
1.66485925531
1.80405276877
1.75367755891
1.80041847288
6.76206891335
1.66566633944
6.17244328706
15.2319505258
7.0285105336
4.11477953115
7.50657644758
4.13400217336
6.54054075717
3.23126627546
15.4369261707
8.59614293544
3.38534028249
5.04859661394
15.1578893863
9.19549946072
10.7086556106
3.0276127779
4.42537041605
4.55245266912
17.7724677565
8.29485647411
5.97592802857
2.60457892013
3.51987588886
2.62509850266
2.63731751555
3.29138069468
17.2865447652
11.6110195932
9.09476218075
4.27411166736
6.68117735951
5.80269100202
3.57220353902
3.37205254875
2.28384819587
0.938266847295
7.38485739639
2.35811626883
1.82064966798
1.38810735048
6.60166628126
10.2580865802
2.99571775263
5.82581567719
5.30559763611
3.32403059937
2.69850047061
2.69650375983
11.0845393503
3.72600728056
2.43246498537
3.35680050648
7.81797094317
3.75378946878
5.59148920586
3.76140729399
0.659440661103
0.846956179682
1.6286056197
3.17783505311
5.74898206405
2.41830678085
3.35982668775
0.328769600176
7.58028031628
5.42495890957
3.53760209985
1.65614202617
4.1602883513
4.05448480953
2.09626660628
1.96478087028
8.984337932
4.92043210533
2.38966501421
2.09741046718
7.12605049643
3.39857159301
6.2429237265
3.71315095497
7.15474799427
5.74918877682
2.25470208759
3.52069402829
6.03127005903
5.31953354896
5.3538750789
4.30681127276
15.6931479604
5.23857054679
6.62343210913
4.56892448171
1.91869839108
1.49868641483
1.53854983023
0.535288511737
7.89809603351
3.99324540166
7.76540294832
8.11767416843
10.9090546839
3.67296113676
9.46268796693
7.6702149117
21.7100275826
25.7603353991
2.09184978558
3.21297024274
5.51321234429
5.69495575712
4.09169481436
5.37005294651
3.61299331179
1.07477671174
3.59169947336
3.33047780954
14.9565959897
12.8838582109
25.2077896517
3.06192634111
7.49748108153
2.3363170874
24.9177441115
5.97799184416
4.44561874019
3.03923109637
26.522728313
4.39846744307
3.73410446056
4.059835953
6.99243645064
4.49761811273
1.23685725905
0.750621605116
7.17100672416
2.15895761952
6.9897390496
3.15965638219
1.25454630171
4.63753603366
2.44635590337
1.71803689027
0.0905269070498
0.453785833183
18.6409834053
11.0291139657
33.9065125334
30.5474090164
3.37573528553
2.53260526322
4.64335896695
4.4656603974
14.1896256128
15.632017051
4.76884803547
1.94474315601
4.97444169599
3.59533283434
9.08772040943
7.12217365613
4.34817084306
6.30846921777
3.45523405644
7.6864593222
4.9285926425
8.93478608738
3.37198753101
9.98567576218
13.2393148834
13.2477454692
15.0526428126
5.14523515007
2.93870250009
9.03644433357
9.22535970197
4.12963024915
5.64155701237
4.25245907214
7.11309368514
6.46386733712
21.6401179689
10.81140256
31.8809023747
20.2843300759
13.1041980831
6.40662911148
16.9633199428
17.1600919311
42.1694071583
6.0493802697
2.91283121368
2.88333916653
2.90668551024
1.58253185149
5.59364165739
1.57631836458
11.9530796967
8.14083084276
9.46111021561
4.58481768016
5.00587073387
4.96842672464
4.03660122958
0.240756848293
9.90739177279
4.04691927503
7.49028349692
5.90090034128
35.9975850876
8.39334567366
0.796939341972
0.620698101632
36.3452627256
24.0059590671
11.1271558328
21.6359974224
20.4078553836
17.8866546115
35.1142273848
18.328262573
5.50382388846
5.45751761406
1.56726673615
3.6161738133
11.8524050962
11.1730187817
4.18469954012
8.07814314307
8.52427282421
3.27884341753
10.5233632632
2.46031414869
6.87257854254
3.90921817233
5.03264925212
12.8770602063
11.0141627665
5.72786492203
12.0523765131
17.5643260566
2.3121281124
2.17539747767
2.8520751741
1.46927614963
4.90659911595
2.39345569908
11.7395452793
5.90467880781
8.3526943519
9.39731989277
7.74246294643
1.86209990316
4.53955615312
2.78687262323
7.40187003438
6.30500686528
21.2744863706
3.90764453552
5.54930946536
2.65510711553
2.56542228834
7.64129656394
9.70155218855
5.32074158449
2.17896078051
5.390626023
29.674082691
14.3601411802
36.2977265752
3.75813310701
8.1208362664
2.11778590066
1.10163033323
1.73771145201
4.33452425076
5.1568660386
26.1901714113
12.8238904335
3.42041369114
4.95405318285
18.3142676024
13.8662833691
25.6922305939
5.0518297164
0.533061278646
0.714781064112
13.4179869313
8.14004224897
4.76538839322
3.9745735383
11.0467512978
11.3764891909
1.69815187987
1.73235755633
6.25116311962
1.55762551472
4.59950790456
3.78059109983
5.8674460689
3.70778537139
1.93613133941
1.90752387256
2.09276311035
4.16837938314
7.29948670891
1.72752513765
1.79333663525
3.48176655364
3.21822801062
1.43489556849
14.0110137679
2.66775578929
7.14798764008
1.9829275798
4.10719508636
2.18712090542
3.74182835352
3.29660115504
5.59483324402
10.0404492807
2.00781692668
1.64006344406
0.329018623154
0.329015513912
10.4275508185
2.43798051873
4.62223595396
6.18442991717
2.42318292602
1.54166017634
4.77915974841
1.46542110844
2.37317488195
0.935951030489
12.6943630486
1.78582254241
21.0375649415
5.16674565678
5.46595124004
1.87876750156
3.85178618345
5.92516038837
2.33877722054
3.22654604935
12.7285766824
5.53376978679
5.11891004512
3.82046215903
10.6740134612
5.9172686726
3.86667200351
1.08166394818
10.2840291744
8.25655912432
9.14619982537
23.462543545
3.37446806245
7.23124883814
2.1934219328
1.98812381278
1.19883310765
3.16282253521
13.8988141589
4.05226400797
5.38824708033
1.98929527866
26.4478303122
31.3855497898
6.64716438231
3.57501442696
4.61039320167
0.603422443237
2.30160675336
1.96483782056
1.95792475568
0.683536915406
5.32624930635
4.46049230947
14.6951625001
6.58880037936
6.57312433843
6.24120909723
1.54291520037
2.10147119197
24.3681634506
8.41275304876
32.4168352044
5.47023841125
10.6844583313
1.66816867799
2.12597317311
2.15062016139
16.0414216172
8.54316783062
6.2906115247
2.66294812796
3.6818799131
6.45949764323
2.2467600213
1.10846523992
2.97858118803
1.18556482643
1.4627673885
0.637987976134
6.14747462849
6.60614823367
6.19746271452
3.92093508146
2.6457304231
4.2916873086
15.307646709
4.5636047617
13.5907872195
7.56646588173
3.18069455712
1.69914254988
13.7022239963
4.7903253751
12.4793788785
18.3640487404
4.40708002308
5.74852125116
8.37326907211
9.21197973477
19.4315331465
16.0347447868
24.2876053204
11.331085838
4.66491726691
1.69179688754
4.34743003206
5.86398449939
13.119365737
4.67208059167
6.16402591832
4.01551203324
2.37829356384
2.4767973083
11.6077190844
3.39704547095
7.92243020585
1.60199375815
6.20691673157
2.05771200028
2.18613187262
2.63538057823
4.79157527001
7.16500549825
9.25486769124
2.33460685509
2.90592447682
2.18225464694
12.8833259459
5.13647754579
2.22374352013
7.79449445001
5.61174360055
3.92239079715
6.04275195241
2.16461710216
19.1390348016
9.43118072952
6.30607535432
7.78013575191
10.9682130082
14.6760507493
11.6408301044
4.97535185939
13.3433329834
5.72112594225
3.11455586906
3.61262269745
4.06612978698
3.90676331769
5.22831993257
9.36576739391
9.28044694783
3.13405647494
6.66591788391
3.4068120528
9.94561057312
18.7922503646
6.31498338431
5.34274711583
9.04256885711
4.65756957325
2.05688738871
2.34144683369
9.83672381491
6.30498232051
5.36621072306
7.55612602411
13.3834695481
6.31623299548
10.7604288893
5.82474804813
18.3314317188
14.5356048492
2.85603610843
3.87759323223
2.11155827736
1.6820497368
1.4780004324
3.48071144683
10.1037247427
6.38048175667
3.99259384032
4.65519805366
6.22218592611
4.67237473533
12.5692015581
12.37146082
11.4963729826
10.3141874261
7.03467652143
4.14801227615
5.09392913507
5.01604992461
2.17745570571
1.33981435865
12.3807432215
3.96673016317
14.3758929343
5.45631338688
15.2639363546
13.1078456328
8.34786861211
29.0223951777
9.88203655705
5.74929263365
22.7112652166
11.4421390109
17.9326067862
13.9079447123
5.315555723
3.28865423703
5.23880007907
5.21732379715
18.6647607578
5.73527017978
18.9852203419
10.2427981836
7.4634755055
4.67358802389
5.93115754878
4.89709436195
8.59313767368
4.0049193519
12.6417502793
3.48091020655
1.86169823237
1.85730025983
6.58226168338
4.22320679905
4.43376390766
1.10108813868
8.03506761294
2.19916404847
3.29857472502
3.42886515611
12.1345530923
7.92366102122
8.42365548732
3.45067304394
0.547233240949
0.915606388073
7.56007902954
3.59160935217
6.74557850309
3.36590216202
13.4363094819
0.879546737354
11.5999880222
6.50501583483
1.60825614539
4.14120061458
10.1359665966
8.31340233601
4.05584973883
5.64410111319
5.56806244197
5.61632895241
1.1572038718
1.18921796516
3.81050262251
2.44723140183
12.2266112951
5.48476102263
1.40613169204
2.4187120027
6.02885840217
10.8151181923
5.21103775018
5.15007264316
7.28895001481
3.84966005376
5.99985153028
4.32890312717
1.34503655293
1.2413215773
1.77924654798
1.80299640254
8.44021889753
9.74768063471
16.4747774023
6.52220398287
2.39559789479
3.80467670836
23.5687030973
5.92075263158
3.3159358636
2.59353671059
2.5194286257
2.10712535933
6.11631119573
3.60637921744
4.37479840231
0.189139234428
7.83778178356
5.6744534537
7.60925361901
5.87472825369
1.79006390217
1.87075916108
10.7703063256
4.3658618645
6.43535475081
12.9354509469
7.13598830571
5.86846392963
14.6715260363
10.8585831628
3.19800149536
2.95864973491
5.85609911882
5.79498938517
2.298428069
1.8976428901
7.14420938197
1.53846873049
6.21278348343
9.60784385692
9.69949378145
6.39722675392
5.92537822891
2.66822805265
11.6415738157
4.19923778772
9.74468096452
5.80765300625
7.45145491508
2.20646016781
0.467145565806
0.467145565806
7.41588343513
5.56328603175
10.1893000949
2.58165104317
6.27074482242
3.00001059177
4.60714960042
9.48480347716
3.71909879668
5.92657808531
11.0648520461
7.54241744898
6.88111674227
3.46175819605
4.56251870058
3.5385158705
10.214106809
3.46008975706
9.53101258429
4.37185576808
10.8386305278
6.67678134489
5.66075769244
2.69510302774
16.5640711655
6.49193489257
20.0471229594
5.96258776498
11.4779101985
5.4679791655
1.54119305623
1.60666458388
5.57436624136
5.30861082558
2.22074066479
2.40998898203
0.153869896448
0.153869896448
5.95246061123
1.67791464916
3.93074009265
5.97694510812
3.60145832789
2.23878180664
10.8443337282
6.78212694756
3.10941167104
4.71780512378
1.3847045485
2.29351216781
3.0740429656
2.45863917382
2.46598864688
1.29571310289
11.8627771499
8.30312016358
2.77886228724
3.13220496292
1.11642020491
2.13680376949
5.29753609517
1.20955978085
9.60039705616
5.68295750635
7.82067194923
3.88446737044
2.01447037501
3.1760166995
2.87185214827
1.86006281481
9.88964496888
7.30346772173
7.04572659162
1.77681149796
4.03455359443
3.28609344446
9.27281370541
9.49290597988
4.98987487015
6.43726658363
1.79949022703
3.3216087117
30.6202754556
4.15256170796
7.45446128728
3.86543052049
7.56240251843
10.609149206
2.14329610292
1.93134815548
6.58974507679
6.21752946391
18.4707313348
11.7853932947
7.76373445382
7.46639574798
2.9214320121
4.00577668202
11.7993857309
6.67241978557
14.9735146502
4.56834753539
1.28864310144
1.3248147842
4.87640492332
3.12605975252
12.2893171388
13.977639087
2.62881703316
2.25379637905
2.2150265656
3.23400522806
2.25815659421
3.8148474571
10.3890814939
4.97915493802
14.2632137712
10.5730766551
7.57567076402
7.11286810938
1.12727075086
1.05300717996
0.757826997375
2.39409727682
27.8434371238
1.79299716676
4.33977296159
2.6120905441
0.0495035352273
0.700454739164
11.0337930837
5.13617636994
1.8901245273
1.36449113797
1.84300887068
1.45684723065
5.84775977864
1.99854031065
6.91116883187
4.67467408437
1.90947019182
1.34299942188
7.68184119536
4.39763408764
3.91338609728
3.66775032824
6.0156333901
3.85399387769
3.55906449115
3.31877654216
5.25418619979
2.88574832256
0.0192270642585
9.79228739907
2.05077517395
2.10113591349
2.09722156578
1.42916437823
7.83088951036
2.52865972729
3.11814851057
1.71895148933
2.13825933638
4.27422109725
4.11288599154
5.38884391983
6.49406101946
5.23533558151
7.45288253472
8.95911012176
1.57501266738
1.44942842888
10.8177195281
5.24358777064
6.02513115168
5.40229897639
31.0389571311
10.407921424
15.0846992446
3.24217802291
4.54457592037
2.17239155861
13.156910443
7.35810643852
7.37169132735
1.35455613495
2.48551224285
2.40267997976
3.64509535423
3.30209602946
7.26039774931
10.7780494238
4.08310013552
3.5489893751
4.87442673288
9.22096925004
0.0
0.978740225551
7.57348574828
9.7243705382
0.0769983571092
0.101201723411
3.77307919435
0.192556878578
7.64641739832
0.0
0.262635819926
0.0
5.43038363115
0.112246240646
0.274831351703
0.210693778042
6.04525909006
0.0914874332962
13.6165587011
0.0353559595045
1.45973791702
19.2287113959
1.67411904552
0.393766271471
0.288499944547
0.415302956513
0.55762196622
0.145257866243
0.167474009893
14.4709676674
0.458477879702
0.135856404115
0.416664417497
0.739217709874
0.377013366599
0.0
0.202053065815
10.6841030041
0.222625373463
11.583073915
0.221238281407
0.537730096324
51.8728944024
9.91823982958
2.95245980329
3.74899666263
0.837069961234
4.33686775668
4.51874767935
0.888070522247
0.166747778342
1.16877076621
5.45784632241
20.9762505372
0.934583012578
0.195903601144
14.2679495855
4.57297747858
6.598130254
0.674710505208
1.08047226375
1.38906322966
0.599491801445
5.53303949275
0.802133604832
12.7490692228
0.371138347265
4.15672742395
0.424304932983
0.168105600818
7.53381074178
0.218852906727
0.36296511468
7.64310998028
15.3723414397
41.6046804944
32.0289066958
1.61232532241
6.28758600134
0.0638171242281
19.658606262
0.202738846796
1.53294723987
3.65606533808
7.50397659491
1.73800059196
2.57455625422
0.387363443848
1.14738541036
4.8822729185
4.15268564142
1.6524835097
1.88175642951
7.38884638323
1.70546461944
1.79639847804
0.616654492097
28.7702069822
17.2138315392
0.617226662571
12.4511283679
11.8474552116
9.20051911983
7.7265651925
2.45311944343
8.27375011232
0.0
6.18772907122
15.6048259569
0.0
5.70307249493
17.1408466142
10.3260360732
13.3454431044
0.635712180491
4.89990473326
25.4013148738
1.92692349342
14.2685089683
8.02260795809
4.15666586977
7.32285282407
4.46536859989
6.62497876476
11.0436048818
5.42325294668
5.28374656573
4.13469998446
12.1518708992
2.36720484514
3.01266644182
6.77982053357
30.4000385073
0.948668746301
6.61052719752
2.57858942812
10.2337588507
2.40285093114
0.157972988431
1.4650549506
7.30125198574
4.02933121821
16.0375402514
5.76214690643
0.5254446296
17.5667555871
14.0626531117
0.850920511136
5.97584652652
1.34917543356
0.772054705864
14.0111083316
12.9915460714
7.36825750643
17.4607780092
22.6957080359
7.4457810731
2.02886264186
5.59900347647
3.96854334061
11.8238613474
22.0563381588
15.2447299694
2.71146543123
5.67053927866
25.831711279
4.21316130394
0.754942182036
11.2357489079
3.99829863395
22.7917461024
0.0
2.16171814091
6.06732514372
5.97198233154
15.9096284645
3.83819062208
20.546078751
10.4162457079
11.0026019128
9.92287286905
0.034833790529
28.1738611255
8.71213469637
12.0013772957
1.27268069525
6.00345175967
10.4445667928
5.86067571195
2.26459698105
0.0
4.58105182019
7.05060956203
1.76637993668
25.8107432321
10.9756767339
2.60579962162
19.0761292888
1.84535609016
5.41347123825
24.4447001438
27.2274505715
3.32525322989
1.45072390854
8.77766946649
27.4352116003
11.7734709376
44.8439186808
7.5488709287
4.18794490407
0.336108723803
4.87205090374
0.0
9.08271833413
3.91037842726
6.36316225847
18.5347267003
0.0
0.0
41.6769351026
16.1657194914
20.7535255383
45.4937705276
8.02150118814
1.43338635071
0.0
2.84966533619
3.6694985827
43.290748538
0.275588863219
2.19097851125
0.115997648252
