184
84 10 24
 -6.97605 -30.109
 -7.48991 -29.4411
 -7.78648 -28.9845
 -7.91343 -28.3725
 -7.77911 -27.7988
 -7.66332 -27.4598
 -7.46101 -27.176
 -7.38013 -26.7309
 -8.00352 -26.3453
 -8.53207 -26.2758
 -8.64011 -26.1215
 -8.65954 -25.932
 -8.74406 -25.8796
 -8.89224 -25.6436
 -9.04265 -25.4582
 -9.23238 -25.4851
 -9.44673 -25.6046
 -9.65614 -25.7042
 -10.0058 -25.2498
 -10.1836 -24.6446
 -9.97739 -24.2048
 -9.75586 -23.8006
 -9.67201 -23.6858
 -9.67326 -23.6824
84 13 9
 -6.97605 -30.109
 -6.61291 -31.1788
 -6.30818 -31.8271
 -5.96633 -31.8544
 -5.73994 -31.8778
 -5.52662 -31.9342
 -5.38299 -31.9268
 -5.32446 -31.8785
 -5.31909 -31.8553
85 13 16
 -0.800022 -29.561
 -2.11298 -31.0471
 -2.3022 -31.5163
 -2.5182 -31.4919
 -3.12782 -31.728
 -3.61959 -31.7915
 -3.78619 -31.8613
 -3.84759 -32.0639
 -3.8786 -31.9233
 -4.14112 -31.9094
 -4.53993 -31.8797
 -4.86388 -31.892
 -5.10388 -31.9712
 -5.25714 -31.9469
 -5.32446 -31.8785
 -5.31909 -31.8553
85 72 3
 -0.800022 -29.561
 0.413868 -28.3148
 0.49975 -28.2605
86 14 12
 -15.4923 -11.9817
 -15.2579 -11.9262
 -15.1699 -11.8867
 -15.4675 -11.737
 -15.7652 -11.665
 -15.8448 -11.6706
 -15.9495 -11.6222
 -16.0857 -11.5083
 -16.1294 -11.422
 -16.1894 -11.3431
 -16.231 -11.2532
 -16.2238 -11.2231
86 24 8
 -15.4923 -11.9817
 -15.5516 -12.127
 -15.5473 -12.2835
 -15.5443 -12.4132
 -15.5562 -12.4833
 -15.4721 -12.5403
 -15.3584 -12.5553
 -15.3476 -12.5513
87 62 30
 -15.5893 -15.5327
 -15.6599 -15.7454
 -15.7048 -15.9276
 -15.4788 -15.973
 -15.1409 -16.1145
 -14.9196 -16.2786
 -14.8027 -16.3434
 -14.808 -16.3699
 -14.8572 -16.428
 -14.884 -16.505
 -14.9921 -16.6194
 -15.0655 -16.8147
 -15.1259 -17.0406
 -15.1441 -17.2536
 -15.0663 -17.3626
 -15.0262 -17.3919
 -15.0697 -17.4096
 -15.096 -17.5185
 -15.075 -17.6338
 -15.104 -17.6433
 -15.1802 -17.608
 -15.2679 -17.5919
 -15.3391 -17.5918
 -15.3763 -17.5931
 -15.3371 -17.7331
 -15.3205 -17.8831
 -15.3724 -17.936
 -15.4062 -18.1478
 -15.4016 -18.3435
 -15.3944 -18.3585
87 2 5
 -15.5893 -15.5327
 -15.4328 -15.2611
 -15.1795 -14.9618
 -15.1276 -14.7695
 -15.1616 -14.6663
88 24 11
 -14.9837 -13.6438
 -14.9792 -13.3701
 -14.9706 -13.1963
 -15.0296 -13.0751
 -15.1423 -12.95
 -15.2117 -12.8391
 -15.2511 -12.7214
 -15.265 -12.6672
 -15.3011 -12.6452
 -15.3373 -12.5898
 -15.3476 -12.5513
88 2 11
 -14.9837 -13.6438
 -15.0911 -13.8392
 -15.0989 -14.0126
 -14.9363 -14.249
 -14.8217 -14.4502
 -14.8135 -14.5362
 -14.8773 -14.5513
 -14.9529 -14.5615
 -15.0653 -14.6083
 -15.15 -14.6608
 -15.1616 -14.6663
89 21 30
 16.6386 10.2304
 17.3919 10.152
 17.7914 10.1465
 17.8449 10.2506
 17.9707 10.3963
 18.1904 10.5949
 18.4056 10.687
 18.7518 10.7973
 19.0389 10.9181
 19.0825 10.9157
 19.2126 10.9688
 19.3401 11.1932
 19.3801 11.4866
 19.4128 11.6505
 19.4384 11.7033
 19.504 11.7399
 19.5717 11.7546
 19.6347 11.7652
 19.6559 11.8197
 19.6545 11.8903
 19.6897 11.9401
 19.7494 11.956
 19.7896 11.9717
 19.8067 11.9726
 19.8559 11.9565
 19.9172 11.9332
 19.9291 11.9048
 19.8842 11.8555
 19.8526 11.809
 19.8524 11.8005
89 47 8
 16.6386 10.2304
 16.0805 10.2562
 15.7917 10.2787
 15.6944 10.4285
 15.4203 10.8659
 15.2094 11.3057
 15.2888 11.4626
 15.2915 11.4864
90 38 11
 38.6629 17.3649
 39.3408 17.6076
 39.4792 17.728
 39.6076 17.8616
 39.8142 17.9498
 39.9813 17.9449
 40.0935 18.0067
 40.19 18.077
 40.2886 18.1163
 40.2916 18.1816
 40.2597 18.237
90 50 3
 38.6629 17.3649
 38.0644 17.1156
 38.0148 17.0081
91 82 11
 57.7786 -38.9547
 57.4795 -39.8609
 57.8072 -40.6485
 58.2743 -41.1252
 58.4154 -41.2153
 58.5282 -41.3814
 58.7426 -41.625
 58.8315 -41.7313
 58.8413 -41.8282
 58.8727 -41.9305
 58.8848 -41.9549
91 36 6
 57.7786 -38.9547
 58.2236 -38.2855
 58.7847 -37.9204
 59.8004 -37.8512
 60.4578 -37.9841
 60.5195 -37.9751
92 1 19
 56.7395 -43.8193
 57.0437 -44.8814
 57.2904 -45.0365
 57.3753 -45.353
 57.2315 -45.7396
 56.9877 -45.9249
 56.9728 -46.0098
 56.9985 -46.1787
 56.8127 -46.3395
 56.4637 -46.4903
 56.0798 -46.6389
 55.6699 -46.8198
 55.3861 -46.9412
 55.3887 -47.0451
 55.1154 -47.2812
 54.7587 -47.4433
 54.5793 -47.5861
 54.4581 -47.7122
 54.4437 -47.7192
92 82 7
 56.7395 -43.8193
 57.4092 -42.6221
 58.3775 -42.5582
 58.6059 -42.3959
 58.7885 -42.0369
 58.8783 -41.9575
 58.8848 -41.9549
93 53 17
 30.4434 -9.18446
 29.128 -9.07676
 28.8034 -9.50053
 28.0304 -8.65401
 27.1701 -7.49409
 26.776 -6.83249
 26.3191 -6.71539
 24.8652 -5.81592
 23.6426 -4.21139
 23.6289 -3.33086
 23.3472 -2.72956
 23.3422 -1.91964
 23.5844 -0.976625
 22.9611 -0.653906
 21.4947 -0.506271
 20.0923 0.057146
 19.5772 0.427431
93 57 4
 30.4434 -9.18446
 31.9687 -9.94205
 32.527 -10.1258
 32.6555 -10.1238
94 36 17
 49.7817 -40.4942
 50.3587 -41.0795
 50.4846 -40.9896
 51.5774 -40.1499
 52.7774 -39.5172
 53.5482 -39.3823
 54.2195 -38.9491
 54.397 -38.3666
 55.1328 -37.1441
 56.1766 -36.4515
 56.6529 -36.6359
 57.5208 -37.2357
 58.3541 -37.9583
 58.7847 -37.9204
 59.8004 -37.8512
 60.4578 -37.9841
 60.5195 -37.9751
94 0 12
 49.7817 -40.4942
 48.8367 -39.346
 48.0243 -38.756
 47.337 -38.6706
 46.8646 -38.4226
 46.2362 -38.032
 45.9877 -36.9722
 46.1656 -34.9091
 45.7498 -33.4278
 45.0212 -32.7001
 44.4994 -32.0924
 44.3425 -31.9412
95 28 9
 1.61136 5.48643
 2.57816 5.31198
 3.00617 5.41238
 3.01091 5.81923
 3.11383 5.86045
 3.16781 5.93728
 3.36859 5.80963
 3.60059 5.72679
 3.61175 5.71123
95 79 23
 1.61136 5.48643
 1.09678 5.08913
 1.10315 4.66238
 1.18066 4.47947
 1.23071 4.37659
 1.24565 4.21668
 1.13798 3.95366
 0.883189 3.80692
 0.448792 3.61452
 -0.146587 3.46984
 -0.570684 3.59689
 -0.722635 3.70704
 -1.22765 3.68639
 -1.92076 3.59024
 -2.17748 3.54768
 -2.35027 3.51894
 -2.53956 3.48356
 -2.60125 3.4655
 -2.9082 3.44535
 -3.26963 3.47812
 -3.48443 3.72104
 -3.6689 3.92968
 -3.7096 3.94779
96 53 9
 25.8357 2.56083
 26.3535 1.95272
 24.8294 0.506251
 23.6457 -0.629076
 23.5844 -0.976625
 22.9611 -0.653906
 21.4947 -0.506271
 20.0923 0.057146
 19.5772 0.427431
96 42 6
 25.8357 2.56083
 25.4509 3.72611
 24.8456 4.30317
 24.529 5.14278
 24.4073 5.62948
 24.3094 5.58695
97 34 11
 26.5794 -84.9142
 24.9299 -84.8055
 23.7904 -84.7876
 22.4321 -84.6379
 22.7847 -83.5406
 23.5444 -82.3019
 23.7666 -81.9007
 23.9416 -81.8887
 23.9553 -81.6844
 23.9187 -81.2286
 23.981 -81.0617
97 66 6
 26.5794 -84.9142
 28.1755 -84.515
 28.4447 -84.4126
 28.944 -84.7713
 29.1746 -84.8179
 29.2 -84.8799
98 32 24
 -21.5456 -40.6984
 -20.926 -42.8179
 -19.7956 -43.6119
 -19.4321 -44.4717
 -18.9643 -45.3011
 -18.6396 -46.2181
 -17.7336 -47.9881
 -16.4771 -49.1626
 -15.7723 -49.4483
 -15.2076 -49.7211
 -14.5584 -50.044
 -13.9529 -49.966
 -12.3323 -49.2811
 -10.9617 -48.6044
 -10.7768 -47.9651
 -10.4888 -48.8014
 -10.0649 -48.8861
 -10.2595 -49.5784
 -10.2976 -50.1113
 -10.0442 -51.1117
 -9.8881 -52.1998
 -9.9744 -52.3805
 -10.1919 -52.5278
 -10.3763 -52.629
98 58 11
 -21.5456 -40.6984
 -20.9836 -38.8509
 -20.9709 -38.1526
 -21.0007 -37.9114
 -21.7966 -37.7837
 -22.624 -37.3329
 -22.3265 -36.3988
 -22.4259 -35.9561
 -22.7898 -35.2316
 -22.7281 -34.2871
 -22.7464 -34.2109
99 16 5
 -11.3781 -53.0254
 -12.3983 -54.1228
 -13.1826 -54.3221
 -13.7027 -53.7386
 -13.7031 -53.7046
99 32 4
 -11.3781 -53.0254
 -10.5092 -52.6323
 -10.3861 -52.6084
 -10.3763 -52.629
100 67 21
 7.94889 -66.5576
 7.87157 -65.0209
 8.28085 -64.3889
 8.2866 -64.1758
 8.11639 -63.8071
 8.06755 -63.6616
 8.123 -63.6393
 8.19345 -63.4605
 8.20881 -63.2736
 8.21805 -62.4698
 8.24654 -61.4815
 8.11923 -61.2412
 7.98799 -61.1744
 7.92868 -61.1198
 8.10893 -60.5898
 8.03263 -59.9912
 7.68105 -59.7202
 7.5562 -59.5695
 7.42399 -59.5864
 7.36 -59.5953
 7.34841 -59.5985
100 41 12
 7.94889 -66.5576
 8.53738 -67.7384
 8.56451 -68.3361
 8.50458 -69.1337
 8.0842 -70.01
 7.38313 -70.864
 7.08757 -72.0418
 6.95738 -72.7374
 6.77513 -73.2368
 6.62413 -73.8285
 6.65018 -73.9465
 6.64334 -73.9633
101 76 11
 -18.4593 -14.3059
 -18.7605 -14.7723
 -18.706 -15.1389
 -18.8037 -15.6911
 -19.0123 -16.1257
 -18.9336 -16.2835
 -18.676 -16.6513
 -18.5496 -16.9621
 -18.533 -17.0181
 -18.516 -17.1117
 -18.5023 -17.1423
101 83 22
 -18.4593 -14.3059
 -18.2013 -13.7794
 -18.1646 -13.2803
 -18.0765 -12.9401
 -18.2015 -12.9066
 -18.3591 -12.9385
 -18.4165 -12.9149
 -18.5447 -12.8345
 -18.7052 -12.8067
 -18.7242 -12.7466
 -18.7551 -12.5101
 -18.9172 -12.2863
 -19.1713 -12.3259
 -19.375 -12.4648
 -19.3965 -12.4488
 -19.4903 -12.3924
 -19.6793 -12.4527
 -19.6465 -12.3242
 -19.7377 -12.1894
 -19.7978 -12.073
 -19.7806 -12.0039
 -19.7547 -11.9901
102 24 13
 -16.825 -13.0194
 -16.462 -13.0505
 -16.261 -13.0924
 -16.0732 -13.177
 -15.78 -13.1778
 -15.5785 -13.044
 -15.5047 -12.9052
 -15.3903 -12.7993
 -15.3156 -12.7052
 -15.265 -12.6672
 -15.3011 -12.6452
 -15.3373 -12.5898
 -15.3476 -12.5513
102 83 22
 -16.825 -13.0194
 -17.3385 -13.0682
 -17.6303 -13.0548
 -17.8755 -12.9336
 -18.2015 -12.9066
 -18.3591 -12.9385
 -18.4165 -12.9149
 -18.5447 -12.8345
 -18.7052 -12.8067
 -18.7242 -12.7466
 -18.7551 -12.5101
 -18.9172 -12.2863
 -19.1713 -12.3259
 -19.375 -12.4648
 -19.3965 -12.4488
 -19.4903 -12.3924
 -19.6793 -12.4527
 -19.6465 -12.3242
 -19.7377 -12.1894
 -19.7978 -12.073
 -19.7806 -12.0039
 -19.7547 -11.9901
103 4 29
 -17.2405 -9.0792
 -17.4644 -8.40659
 -17.4639 -8.30013
 -17.8432 -7.90615
 -18.1511 -7.51669
 -18.0355 -7.15183
 -17.9361 -6.60228
 -17.943 -6.1558
 -18.0228 -5.94549
 -17.9491 -5.85237
 -17.6608 -5.9273
 -17.4485 -6.06958
 -17.4409 -6.0047
 -17.4387 -5.86343
 -17.4528 -5.71848
 -17.411 -5.62374
 -17.3645 -5.56217
 -17.3355 -5.50875
 -17.2443 -5.50852
 -17.2354 -5.50513
 -17.2941 -5.37446
 -17.2863 -5.22199
 -17.2831 -5.08691
 -17.298 -4.97659
 -17.2949 -4.93628
 -17.321 -4.88186
 -17.3699 -4.80947
 -17.3696 -4.75943
 -17.3553 -4.73801
103 14 8
 -17.2405 -9.0792
 -16.8345 -9.59658
 -16.4426 -9.7653
 -16.1107 -10.2017
 -15.9785 -10.5051
 -16.0693 -10.9471
 -16.192 -11.2172
 -16.2238 -11.2231
104 4 60
 -20.8481 -0.342791
 -19.5748 0.392321
 -19.2589 0.268032
 -18.747 0.548335
 -18.4736 0.932442
 -18.2647 0.938583
 -18.0121 0.852606
 -17.9516 0.582296
 -17.8996 0.266356
 -17.8004 0.112854
 -17.7372 0.000491917
 -17.617 -0.041541
 -17.374 -0.166914
 -17.3187 -0.356417
 -17.4434 -0.506711
 -17.5871 -0.516692
 -17.4584 -0.601147
 -17.4191 -0.67384
 -17.3643 -0.741375
 -17.2359 -0.798059
 -17.0743 -0.972437
 -17.0638 -1.15579
 -17.084 -1.24897
 -17.0897 -1.33474
 -17.1653 -1.44134
 -17.2061 -1.51111
 -17.35 -1.68511
 -17.394 -1.95409
 -17.3124 -2.1052
 -17.2489 -2.2278
 -17.1382 -2.30622
 -17.0475 -2.38375
 -17.1104 -2.52835
 -17.2279 -2.63457
 -17.069 -2.77449
 -16.9485 -3.19471
 -17.0098 -3.56022
 -17.1855 -3.67796
 -17.3546 -3.81825
 -17.4167 -3.90605
 -17.5032 -3.92206
 -17.3656 -3.97958
 -17.2427 -4.03227
 -17.1755 -4.08555
 -17.1109 -4.13187
 -17.0339 -4.13127
 -16.9709 -4.23162
 -16.9829 -4.35063
 -16.9844 -4.40865
 -16.9968 -4.45736
 -17.0479 -4.50077
 -17.1082 -4.53743
 -17.1467 -4.55163
 -17.2148 -4.57194
 -17.3196 -4.56937
 -17.3626 -4.53318
 -17.3422 -4.59891
 -17.3455 -4.67817
 -17.3603 -4.71984
 -17.3553 -4.73801
104 40 5
 -20.8481 -0.342791
 -22.0494 -1.20137
 -22.3026 -1.64892
 -22.5052 -2.14032
 -22.4408 -2.21928
105 79 8
 -2.53013 4.76848
 -2.61638 3.65555
 -2.60125 3.4655
 -2.9082 3.44535
 -3.26963 3.47812
 -3.48443 3.72104
 -3.6689 3.92968
 -3.7096 3.94779
105 75 4
 -2.53013 4.76848
 -2.32241 5.89622
 -2.26384 6.14331
 -2.29504 6.18607
106 28 8
 1.88331 7.57166
 2.53067 6.46673
 2.99373 5.95125
 3.19148 6.01354
 3.16781 5.93728
 3.36859 5.80963
 3.60059 5.72679
 3.61175 5.71123
106 43 7
 1.88331 7.57166
 1.25621 7.94342
 0.457114 7.79636
 -0.23115 7.96133
 -0.439555 8.24634
 -0.513748 8.38495
 -0.510142 8.41108
107 51 8
 34.7152 10.9096
 32.4821 10.4659
 31.864 10.5103
 31.2986 10.3941
 30.0309 9.41385
 28.2526 8.78673
 27.7116 9.17048
 27.7041 9.19138
107 26 3
 34.7152 10.9096
 36.888 11.5123
 36.9036 11.501
108 9 9
 50.5692 -47.6678
 50.6712 -50.2384
 50.1252 -51.4049
 49.1017 -52.3516
 47.7717 -52.9929
 47.447 -52.9788
 47.154 -53.2018
 46.9288 -53.4951
 46.9624 -53.5852
108 1 7
 50.5692 -47.6678
 51.0274 -46.9293
 52.7484 -47.951
 53.7666 -47.9898
 54.2895 -47.9327
 54.4182 -47.8202
 54.4437 -47.7192
109 37 8
 33.1416 -38.2564
 33.181 -39.8734
 34.5649 -40.8649
 36.2288 -42.4337
 36.3096 -43.2644
 36.4118 -44.3078
 36.5754 -45.2768
 36.6619 -45.2903
109 55 4
 33.1416 -38.2564
 32.5679 -36.4526
 32.1676 -35.8929
 32.0774 -35.6852
110 11 7
 30.5833 -69.5846
 30.9659 -70.1339
 31.0851 -70.4572
 31.1169 -70.5073
 31.0727 -70.7083
 31.0221 -70.9066
 31.0169 -70.9169
110 80 10
 30.5833 -69.5846
 30.3249 -69.1299
 30.423 -68.8588
 30.5189 -68.3786
 31.125 -67.6794
 31.6655 -67.2009
 31.6232 -67.017
 31.623 -66.8742
 31.6424 -66.703
 31.6519 -66.6704
111 80 16
 25.0242 -70.365
 26.7638 -69.6043
 27.5703 -69.5341
 28.0801 -69.7173
 28.401 -69.735
 29.3262 -69.5319
 30.2221 -69.2954
 30.3249 -69.1299
 30.423 -68.8588
 30.5189 -68.3786
 31.125 -67.6794
 31.6655 -67.2009
 31.6232 -67.017
 31.623 -66.8742
 31.6424 -66.703
 31.6519 -66.6704
111 61 9
 25.0242 -70.365
 23.7471 -71.1903
 23.5756 -71.2985
 22.1245 -70.2284
 20.2493 -69.7249
 19.3753 -69.9389
 18.9515 -69.8462
 18.689 -69.7228
 18.5136 -69.5911
112 23 20
 31.065 -80.9639
 31.5436 -80.4214
 31.6678 -80.2262
 31.749 -80.1149
 32.3476 -79.3595
 32.9724 -78.6119
 33.2943 -78.383
 33.6557 -77.5558
 34.324 -76.7268
 35.1167 -76.5739
 36.0805 -76.4261
 36.7987 -76.425
 36.7935 -76.6654
 36.8731 -76.9457
 36.8903 -77.284
 36.8259 -77.4247
 36.8494 -77.4816
 36.8753 -77.5599
 36.8894 -77.6138
 36.8932 -77.625
112 66 10
 31.065 -80.9639
 30.3856 -81.7696
 30.1372 -82.6541
 30.18 -83.4832
 30.1402 -83.8488
 30.0975 -83.8828
 30.4154 -84.1994
 30.0161 -84.6731
 29.2416 -84.8618
 29.2 -84.8799
113 68 15
 56.5275 -61.9441
 54.5663 -60.6115
 53.8097 -59.7358
 53.0065 -60.3858
 52.3613 -60.3576
 51.598 -60.6412
 50.5057 -61.135
 49.3649 -61.2945
 48.7957 -62.0183
 48.8531 -62.7284
 48.7579 -62.0235
 48.2042 -61.4542
 47.2315 -61.3657
 46.59 -60.9218
 46.4681 -60.6746
113 74 4
 56.5275 -61.9441
 58.1943 -61.9962
 58.3167 -62.1937
 58.3149 -62.2096
114 44 7
 52.6938 -71.9409
 53.422 -70.8625
 53.6562 -70.3509
 53.8795 -69.8932
 52.9394 -69.6502
 51.9306 -69.5129
 51.8698 -69.5978
114 7 5
 52.6938 -71.9409
 51.3176 -73.5373
 50.6025 -74.1229
 50.5028 -74.1257
 50.4517 -74.1356
115 23 22
 46.8354 -72.5393
 45.6869 -72.7764
 44.9547 -72.4652
 45.1626 -73.648
 44.291 -74.7377
 43.5795 -76.3754
 43.9457 -77.8213
 43.0103 -77.6249
 41.8832 -77.8246
 40.3307 -78.6022
 38.9911 -78.4972
 38.3681 -77.3031
 37.8978 -76.7771
 37.1836 -76.7643
 36.7935 -76.6654
 36.8731 -76.9457
 36.8903 -77.284
 36.8259 -77.4247
 36.8494 -77.4816
 36.8753 -77.5599
 36.8894 -77.6138
 36.8932 -77.625
115 7 6
 46.8354 -72.5393
 48.0967 -72.33
 49.5777 -73.0739
 50.6386 -73.9567
 50.5028 -74.1257
 50.4517 -74.1356
116 17 17
 -5.19982 2.0095
 -6.526 1.77636
 -7.31251 1.45974
 -7.91725 1.1411
 -8.13908 0.963466
 -8.09946 0.908781
 -8.16796 0.622647
 -8.23739 0.165919
 -8.63058 0.655087
 -9.00053 0.93268
 -9.1959 0.966
 -10.2312 0.402159
 -11.2606 -0.216789
 -11.4863 -0.28032
 -11.5574 -0.360639
 -11.6487 -0.439057
 -11.7139 -0.477638
116 79 10
 -5.19982 2.0095
 -4.19047 2.03687
 -4.06614 2.08296
 -3.60755 2.42469
 -3.14084 2.92241
 -3.15018 3.29642
 -3.26963 3.47812
 -3.48443 3.72104
 -3.6689 3.92968
 -3.7096 3.94779
117 13 39
 2.29162 -60.4286
 -0.243273 -58.3097
 -1.11511 -57.5526
 -1.3501 -56.5019
 -2.03683 -56.0894
 -2.78668 -55.7633
 -2.04817 -55.3517
 -1.28246 -53.6801
 -1.32619 -52.3031
 -0.398898 -51.8979
 0.692237 -51.5576
 0.739409 -50.6438
 0.354809 -48.8196
 0.0422913 -46.382
 0.108275 -44.8044
 -0.146296 -44.2471
 -0.396416 -43.4497
 -0.74923 -42.9248
 -0.987829 -41.9762
 -1.50891 -40.7509
 -2.07667 -39.6833
 -3.68763 -39.2672
 -5.05783 -38.7784
 -4.82992 -38.0059
 -5.09121 -37.4662
 -5.28067 -36.9442
 -4.6315 -36.2536
 -4.56976 -35.5277
 -4.72435 -35.0966
 -4.52753 -34.8147
 -4.78839 -34.0712
 -4.95575 -32.9718
 -5.0147 -32.4828
 -5.04238 -32.4391
 -5.0683 -32.2694
 -5.13052 -32.0677
 -5.25714 -31.9469
 -5.32446 -31.8785
 -5.31909 -31.8553
117 67 19
 2.29162 -60.4286
 5.2909 -63.0876
 7.12855 -63.3881
 7.9768 -63.4791
 8.123 -63.6393
 8.19345 -63.4605
 8.20881 -63.2736
 8.21805 -62.4698
 8.24654 -61.4815
 8.11923 -61.2412
 7.98799 -61.1744
 7.92868 -61.1198
 8.10893 -60.5898
 8.03263 -59.9912
 7.68105 -59.7202
 7.5562 -59.5695
 7.42399 -59.5864
 7.36 -59.5953
 7.34841 -59.5985
118 10 23
 -12.418 -36.1947
 -12.3484 -35.7828
 -12.2259 -34.9082
 -11.8936 -32.6702
 -11.3832 -30.9824
 -11.0346 -30.5782
 -10.7267 -30.1184
 -10.266 -29.6341
 -10.0191 -29.1311
 -10.2103 -28.1501
 -10.3115 -27.1873
 -10.0311 -26.627
 -9.6052 -26.2814
 -9.41585 -26.0563
 -9.52349 -25.8252
 -9.44673 -25.6046
 -9.65614 -25.7042
 -10.0058 -25.2498
 -10.1836 -24.6446
 -9.97739 -24.2048
 -9.75586 -23.8006
 -9.67201 -23.6858
 -9.67326 -23.6824
118 81 7
 -12.418 -36.1947
 -12.6953 -37.5364
 -12.9476 -38.5698
 -13.0115 -38.6158
 -13.0986 -38.6892
 -13.1769 -38.7924
 -13.2024 -38.8117
119 28 20
 10.1746 13.1512
 8.79533 11.2813
 8.10311 10.0599
 8.68339 8.89446
 9.07603 8.11237
 8.72281 7.90537
 8.01894 7.30906
 7.35637 6.69941
 6.99801 6.46597
 6.61545 6.52985
 6.29742 6.72604
 6.36542 7.02514
 6.50632 7.2052
 6.17327 7.23861
 5.70207 7.26811
 4.92028 6.51919
 4.29702 5.61748
 4.15685 5.62987
 3.81833 5.74439
 3.61175 5.71123
119 47 11
 10.1746 13.1512
 10.6875 14.1694
 10.765 14.441
 11.1951 14.983
 12.0521 14.7628
 12.804 13.5435
 13.3109 12.7331
 13.516 12.6391
 14.2841 12.1794
 15.1611 11.6052
 15.2915 11.4864
120 4 50
 -13.8531 -0.661092
 -14.7051 -0.768302
 -15.5736 -0.835569
 -15.8544 -0.761342
 -15.9258 -0.76419
 -15.9731 -0.679411
 -16.2192 -0.640861
 -16.5176 -0.663168
 -16.6584 -0.7243
 -16.8428 -0.822656
 -16.9804 -0.972864
 -17.0638 -1.15579
 -17.084 -1.24897
 -17.0897 -1.33474
 -17.1653 -1.44134
 -17.2061 -1.51111
 -17.35 -1.68511
 -17.394 -1.95409
 -17.3124 -2.1052
 -17.2489 -2.2278
 -17.1382 -2.30622
 -17.0475 -2.38375
 -17.1104 -2.52835
 -17.2279 -2.63457
 -17.069 -2.77449
 -16.9485 -3.19471
 -17.0098 -3.56022
 -17.1855 -3.67796
 -17.3546 -3.81825
 -17.4167 -3.90605
 -17.5032 -3.92206
 -17.3656 -3.97958
 -17.2427 -4.03227
 -17.1755 -4.08555
 -17.1109 -4.13187
 -17.0339 -4.13127
 -16.9709 -4.23162
 -16.9829 -4.35063
 -16.9844 -4.40865
 -16.9968 -4.45736
 -17.0479 -4.50077
 -17.1082 -4.53743
 -17.1467 -4.55163
 -17.2148 -4.57194
 -17.3196 -4.56937
 -17.3626 -4.53318
 -17.3422 -4.59891
 -17.3455 -4.67817
 -17.3603 -4.71984
 -17.3553 -4.73801
120 17 6
 -13.8531 -0.661092
 -13.2796 -0.525792
 -12.6118 -0.452334
 -12.0158 -0.494781
 -11.724 -0.45633
 -11.7139 -0.477638
121 71 9
 41.5265 -13.035
 41.8693 -12.4099
 41.697 -12.0677
 41.6606 -12.0068
 41.5498 -11.6855
 41.3621 -11.0642
 40.9372 -10.4859
 40.685 -10.1245
 40.7275 -10.0298
121 63 7
 41.5265 -13.035
 41.043 -13.516
 40.4778 -13.8068
 39.9402 -14.3393
 39.5969 -14.6327
 39.2267 -14.8105
 39.179 -14.7876
122 12 12
 76.4093 -43.5951
 76.6884 -42.3985
 76.1425 -41.8744
 75.7506 -41.2854
 75.9939 -40.954
 75.4997 -41.2491
 74.8423 -41.4587
 74.495 -41.5587
 74.4086 -41.6433
 74.3394 -41.6293
 74.2332 -41.5883
 74.1967 -41.5783
122 27 8
 76.4093 -43.5951
 76.1401 -45.2015
 75.5299 -46.1304
 74.8885 -46.5253
 74.8313 -46.6397
 75.1102 -47.555
 75.4485 -48.3733
 75.464 -48.3665
123 34 6
 23.0081 -82.0532
 23.7666 -81.9007
 23.9416 -81.8887
 23.9553 -81.6844
 23.9187 -81.2286
 23.981 -81.0617
123 60 4
 23.0081 -82.0532
 22.1919 -81.8406
 22.025 -81.4663
 21.9783 -81.3603
124 13 35
 -4.0559 -54.9927
 -3.24943 -55.635
 -2.04817 -55.3517
 -1.28246 -53.6801
 -1.32619 -52.3031
 -0.398898 -51.8979
 0.692237 -51.5576
 0.739409 -50.6438
 0.354809 -48.8196
 0.0422913 -46.382
 0.108275 -44.8044
 -0.146296 -44.2471
 -0.396416 -43.4497
 -0.74923 -42.9248
 -0.987829 -41.9762
 -1.50891 -40.7509
 -2.07667 -39.6833
 -3.68763 -39.2672
 -5.05783 -38.7784
 -4.82992 -38.0059
 -5.09121 -37.4662
 -5.28067 -36.9442
 -4.6315 -36.2536
 -4.56976 -35.5277
 -4.72435 -35.0966
 -4.52753 -34.8147
 -4.78839 -34.0712
 -4.95575 -32.9718
 -5.0147 -32.4828
 -5.04238 -32.4391
 -5.0683 -32.2694
 -5.13052 -32.0677
 -5.25714 -31.9469
 -5.32446 -31.8785
 -5.31909 -31.8553
124 32 10
 -4.0559 -54.9927
 -5.57039 -52.9741
 -7.25407 -51.2433
 -8.58796 -50.9964
 -9.52381 -51.588
 -9.7072 -52.1749
 -9.82496 -52.2579
 -9.9744 -52.3805
 -10.1919 -52.5278
 -10.3763 -52.629
125 5 13
 4.45467 -83.8743
 2.79457 -83.8586
 2.5173 -84.1846
 2.19977 -84.3232
 1.37022 -84.6155
 0.544926 -84.5122
 0.525042 -83.3097
 0.579901 -82.0961
 0.0874191 -81.4369
 0.326529 -80.1972
 1.38849 -79.0436
 1.93496 -78.724
 1.95705 -78.7007
125 18 3
 4.45467 -83.8743
 6.06337 -84.0411
 6.24473 -83.8754
126 41 9
 3.62139 -77.1341
 4.56529 -76.0341
 4.64452 -76.0402
 4.69363 -75.9769
 4.63942 -75.7629
 4.7156 -75.1678
 5.73774 -74.3373
 6.61753 -73.9847
 6.64334 -73.9633
126 5 5
 3.62139 -77.1341
 2.50049 -78.2374
 2.10806 -78.4597
 1.95879 -78.6652
 1.95705 -78.7007
127 18 7
 13.7696 -87.8359
 12.4343 -85.2496
 9.68631 -83.8849
 8.26934 -83.9091
 7.11661 -84.1734
 6.32362 -83.8937
 6.24473 -83.8754
127 25 5
 13.7696 -87.8359
 12.9764 -91.0364
 13.304 -92.592
 14.1024 -92.6616
 14.2146 -92.6528
128 70 11
 14.6213 -67.0489
 14.4356 -67.6504
 14.4388 -68.055
 14.4568 -68.3377
 14.5106 -68.4783
 14.5927 -68.7543
 14.6192 -69.048
 14.6563 -69.0159
 14.805 -68.8886
 14.9058 -68.8483
 14.917 -68.8461
128 77 4
 14.6213 -67.0489
 15.0057 -66.4234
 15.2089 -66.1097
 15.2189 -66.0429
129 70 14
 10.369 -70.0289
 11.8127 -70.3884
 13.0016 -69.2213
 13.1689 -68.6698
 13.3362 -68.5648
 13.9292 -68.468
 14.4132 -68.4372
 14.5106 -68.4783
 14.5927 -68.7543
 14.6192 -69.048
 14.6563 -69.0159
 14.805 -68.8886
 14.9058 -68.8483
 14.917 -68.8461
129 41 12
 10.369 -70.0289
 9.46181 -68.7303
 8.68505 -68.5338
 8.50458 -69.1337
 8.0842 -70.01
 7.38313 -70.864
 7.08757 -72.0418
 6.95738 -72.7374
 6.77513 -73.2368
 6.62413 -73.8285
 6.65018 -73.9465
 6.64334 -73.9633
130 13 21
 2.19176 -33.9463
 1.01395 -33.5476
 -0.720506 -32.9553
 -1.55899 -32.6276
 -1.67907 -32.2957
 -1.87564 -32.1627
 -2.13348 -31.9103
 -2.3022 -31.5163
 -2.5182 -31.4919
 -3.12782 -31.728
 -3.61959 -31.7915
 -3.78619 -31.8613
 -3.84759 -32.0639
 -3.8786 -31.9233
 -4.14112 -31.9094
 -4.53993 -31.8797
 -4.86388 -31.892
 -5.10388 -31.9712
 -5.25714 -31.9469
 -5.32446 -31.8785
 -5.31909 -31.8553
130 56 4
 2.19176 -33.9463
 3.17725 -34.1389
 3.91542 -34.4316
 3.94157 -34.4338
131 56 8
 8.82261 -28.3609
 6.13623 -28.4611
 4.57407 -29.4676
 4.4583 -30.3523
 5.06486 -31.2091
 4.62757 -33.1831
 3.97154 -34.4021
 3.94157 -34.4338
131 64 4
 8.82261 -28.3609
 10.9643 -28.1266
 11.552 -27.7911
 11.6558 -27.7817
132 45 2
 0.724193 -28.4087
 0.770745 -28.6208
132 72 3
 0.724193 -28.4087
 0.588695 -28.2285
 0.49975 -28.2605
133 72 9
 1.47101 -24.2497
 -0.440946 -24.7038
 -0.360004 -25.4935
 -0.404145 -25.9821
 -0.224344 -25.9829
 0.223227 -26.9796
 0.509908 -28.0916
 0.511646 -28.2237
 0.49975 -28.2605
133 54 6
 1.47101 -24.2497
 4.93537 -22.9876
 7.04083 -21.628
 8.03369 -21.9317
 8.35562 -22.5949
 8.3681 -22.7248
134 33 12
 6.50206 -14.6223
 7.22952 -12.1709
 6.83756 -12.0305
 6.49938 -12.1539
 5.46846 -12.0546
 4.23509 -11.7096
 2.16051 -11.079
 -0.0601342 -10.5169
 -1.04656 -9.00104
 -1.22413 -5.92666
 -0.807621 -4.13223
 -0.797176 -4.06936
134 54 8
 6.50206 -14.6223
 5.82836 -17.3441
 6.13363 -19.4434
 6.30644 -21.3921
 7.03 -21.5849
 8.03369 -21.9317
 8.35562 -22.5949
 8.3681 -22.7248
135 10 4
 -10.02 -23.4228
 -9.77002 -23.6887
 -9.67201 -23.6858
 -9.67326 -23.6824
135 8 4
 -10.02 -23.4228
 -10.4646 -22.905
 -10.7535 -22.6416
 -10.7486 -22.6308
136 62 23
 -10.9992 -21.6202
 -10.8347 -20.7189
 -11.1557 -20.0263
 -11.6054 -20.1355
 -11.7083 -20.1329
 -11.9183 -20.0956
 -12.1728 -20.2211
 -12.0788 -20.073
 -12.1055 -19.9157
 -12.2343 -19.7159
 -12.6764 -19.3627
 -13.1897 -19.093
 -13.3631 -19.0133
 -13.6348 -18.8141
 -14.1333 -18.716
 -14.4358 -18.6067
 -14.5774 -18.3085
 -14.7664 -18.1702
 -14.9301 -18.1476
 -15.0024 -18.1965
 -15.1399 -18.2885
 -15.3192 -18.3406
 -15.3944 -18.3585
136 8 6
 -10.9992 -21.6202
 -11.0278 -22.1044
 -10.9088 -22.5269
 -10.7988 -22.6385
 -10.749 -22.6234
 -10.7486 -22.6308
137 58 11
 -18.684 -28.9844
 -20.728 -29.9231
 -21.2339 -29.6893
 -22.3099 -29.3925
 -23.2843 -29.5018
 -23.5925 -29.3685
 -23.4133 -29.728
 -23.7662 -31.3581
 -23.3845 -33.4817
 -22.7537 -34.1877
 -22.7464 -34.2109
137 52 3
 -18.684 -28.9844
 -16.9761 -28.1911
 -16.9259 -28.2012
138 78 10
 -30.4177 -23.3119
 -31.1456 -21.4657
 -31.7328 -21.7583
 -32.3897 -22.1497
 -32.7651 -22.3184
 -33.1716 -22.3734
 -33.3143 -22.3203
 -33.5063 -22.3524
 -33.667 -22.4491
 -33.6502 -22.4858
138 58 15
 -30.4177 -23.3119
 -29.1164 -25.331
 -28.243 -25.2967
 -28.1376 -25.9026
 -28.2807 -26.6148
 -27.6234 -26.6377
 -26.9151 -27.5142
 -26.1144 -28.0814
 -24.8845 -28.6587
 -23.5925 -29.3685
 -23.4133 -29.728
 -23.7662 -31.3581
 -23.3845 -33.4817
 -22.7537 -34.1877
 -22.7464 -34.2109
139 78 11
 -32.5051 -19.0669
 -32.3097 -20.4316
 -31.5936 -21.1479
 -31.7328 -21.7583
 -32.3897 -22.1497
 -32.7651 -22.3184
 -33.1716 -22.3734
 -33.3143 -22.3203
 -33.5063 -22.3524
 -33.667 -22.4491
 -33.6502 -22.4858
139 46 16
 -32.5051 -19.0669
 -32.5858 -17.7747
 -32.7647 -17.1843
 -32.7699 -16.8631
 -32.8229 -16.4448
 -32.6942 -15.3639
 -32.0387 -14.3598
 -31.5319 -14.0723
 -31.0393 -14.0236
 -30.5962 -13.7154
 -30.3838 -13.1336
 -29.5864 -12.3984
 -28.5397 -11.7993
 -28.6021 -11.0969
 -29.1668 -10.3628
 -29.1841 -10.1583
140 83 20
 -24.3456 -12.5948
 -23.7386 -11.3382
 -24.0074 -10.2513
 -22.9236 -10.4074
 -21.8618 -10.9245
 -21.5287 -10.8203
 -21.3689 -10.7636
 -21.3548 -10.8051
 -21.2135 -10.9332
 -21.0334 -11.0562
 -20.8411 -11.1812
 -20.6635 -11.2742
 -20.5614 -11.3044
 -20.3288 -11.4892
 -20.0381 -11.7196
 -19.9122 -11.8663
 -19.8602 -11.9745
 -19.8215 -12.0164
 -19.7806 -12.0039
 -19.7547 -11.9901
140 15 5
 -24.3456 -12.5948
 -25.5209 -13.3375
 -25.9037 -14.2229
 -26.2259 -15.19
 -26.245 -15.4282
141 15 7
 -27.776 -11.8789
 -27.1739 -12.4824
 -26.6543 -12.8911
 -26.0293 -13.2213
 -25.9037 -14.2229
 -26.2259 -15.19
 -26.245 -15.4282
141 46 4
 -27.776 -11.8789
 -28.6021 -11.0969
 -29.1668 -10.3628
 -29.1841 -10.1583
142 79 9
 -4.17784 1.63735
 -4.06614 2.08296
 -3.60755 2.42469
 -3.14084 2.92241
 -3.15018 3.29642
 -3.26963 3.47812
 -3.48443 3.72104
 -3.6689 3.92968
 -3.7096 3.94779
142 49 4
 -4.17784 1.63735
 -4.42225 0.46948
 -4.62242 -0.329804
 -4.65895 -0.318126
143 33 8
 0.474219 -0.918795
 0.189222 -1.70598
 -0.0435437 -2.11678
 -0.0537012 -2.15265
 -0.113142 -2.1809
 -0.28661 -3.13618
 -0.601709 -4.07092
 -0.797176 -4.06936
143 79 20
 0.474219 -0.918795
 1.23599 -0.0397405
 1.73693 0.459863
 1.08736 1.39643
 0.684681 2.40877
 0.446544 2.95858
 -0.146587 3.46984
 -0.570684 3.59689
 -0.722635 3.70704
 -1.22765 3.68639
 -1.92076 3.59024
 -2.17748 3.54768
 -2.35027 3.51894
 -2.53956 3.48356
 -2.60125 3.4655
 -2.9082 3.44535
 -3.26963 3.47812
 -3.48443 3.72104
 -3.6689 3.92968
 -3.7096 3.94779
144 64 7
 17.1604 -34.6623
 16.2411 -31.7725
 14.5674 -30.9611
 13.3369 -29.0926
 12.314 -27.7284
 11.6883 -27.765
 11.6558 -27.7817
144 35 4
 17.1604 -34.6623
 16.5068 -37.2746
 15.7785 -37.557
 15.7501 -37.7901
145 30 2
 24.6018 -39.5987
 24.5577 -39.5088
145 73 3
 24.6018 -39.5987
 24.7778 -39.6236
 24.9095 -39.5587
146 55 10
 34.3933 -29.6748
 34.3938 -31.0746
 33.8043 -31.5273
 32.8613 -31.782
 31.9459 -31.8623
 31.4513 -33.2738
 31.6513 -34.6505
 31.8364 -35.2989
 31.9817 -35.704
 32.0774 -35.6852
146 69 10
 34.3933 -29.6748
 34.5998 -28.2197
 34.9709 -27.559
 35.5839 -26.7968
 35.9635 -26.3258
 36.1687 -25.4748
 36.4305 -24.511
 36.2321 -23.7352
 36.0658 -23.3678
 36.0821 -23.368
147 63 7
 34.9712 -10.8271
 36.6744 -11.1784
 37.4722 -12.0408
 37.5427 -13.0271
 38.3449 -14.232
 39.1563 -14.7608
 39.179 -14.7876
147 57 4
 34.9712 -10.8271
 33.3611 -10.6343
 32.6844 -10.1688
 32.6555 -10.1238
148 21 21
 24.9146 9.36242
 22.7316 9.01726
 21.4308 9.44955
 20.7576 9.97553
 20.5366 10.9944
 20.5571 11.3994
 20.3935 11.5303
 20.1846 11.6039
 20.1532 11.6841
 20.195 11.7493
 20.19 11.8077
 20.1732 11.8607
 20.1458 11.8962
 20.0818 11.9615
 20.021 11.9837
 19.9722 11.9437
 19.9172 11.9332
 19.9291 11.9048
 19.8842 11.8555
 19.8526 11.809
 19.8524 11.8005
148 51 6
 24.9146 9.36242
 26.84 10.0828
 27.5393 9.76541
 27.5989 9.46174
 27.6479 9.21979
 27.7041 9.19138
149 53 10
 31.1483 3.1593
 27.8893 1.93271
 26.3535 1.95272
 24.8294 0.506251
 23.6457 -0.629076
 23.5844 -0.976625
 22.9611 -0.653906
 21.4947 -0.506271
 20.0923 0.057146
 19.5772 0.427431
149 29 3
 31.1483 3.1593
 33.3487 4.76501
 33.3803 4.83365
150 29 5
 36.4384 2.4127
 34.3624 3.23057
 33.8099 3.99402
 33.3487 4.76501
 33.3803 4.83365
150 48 8
 36.4384 2.4127
 39.4352 1.49019
 40.5451 0.711812
 40.221 -0.763983
 40.8202 -0.867517
 40.0632 -2.32292
 40.4644 -3.17351
 40.5699 -3.32833
151 21 21
 22.4289 8.02505
 21.5092 9.22408
 21.4308 9.44955
 20.7576 9.97553
 20.5366 10.9944
 20.5571 11.3994
 20.3935 11.5303
 20.1846 11.6039
 20.1532 11.6841
 20.195 11.7493
 20.19 11.8077
 20.1732 11.8607
 20.1458 11.8962
 20.0818 11.9615
 20.021 11.9837
 19.9722 11.9437
 19.9172 11.9332
 19.9291 11.9048
 19.8842 11.8555
 19.8526 11.809
 19.8524 11.8005
151 42 5
 22.4289 8.02505
 23.9523 6.69295
 24.1818 6.07856
 24.2247 5.78988
 24.3094 5.58695
152 21 38
 21.9666 19.4981
 21.6866 18.6368
 21.4942 18.3287
 20.919 17.9397
 20.3518 17.6367
 19.558 16.2279
 18.6977 14.7287
 18.5049 14.4893
 18.5098 14.3671
 18.6846 14.2422
 18.9307 14.1496
 19.1901 14.0614
 19.2966 13.8425
 19.2773 13.6384
 19.1142 13.1811
 18.9923 12.7258
 19.1432 12.7213
 19.0453 12.5632
 19.0499 12.3457
 19.1058 12.1873
 19.1062 12.0347
 19.1445 11.9111
 19.2388 11.9194
 19.3078 11.9936
 19.4121 12.0166
 19.4935 11.9932
 19.5618 11.966
 19.6344 11.9374
 19.6897 11.9401
 19.7494 11.956
 19.7896 11.9717
 19.8067 11.9726
 19.8559 11.9565
 19.9172 11.9332
 19.9291 11.9048
 19.8842 11.8555
 19.8526 11.809
 19.8524 11.8005
152 31 5
 21.9666 19.4981
 22.5423 20.6601
 22.9502 21.1159
 23.009 21.1324
 23.0462 21.1343
153 22 12
 43.5959 -6.35506
 44.7953 -5.21993
 45.592 -4.78337
 46.4291 -4.81113
 46.3968 -5.06946
 47.2197 -6.83431
 48.1005 -8.27891
 49.2548 -8.00502
 48.6377 -8.70886
 49.0857 -9.63483
 49.7571 -10.1818
 49.8257 -10.1878
153 71 8
 43.5959 -6.35506
 42.9476 -7.44157
 42.2245 -8.01981
 41.2549 -8.74272
 40.862 -9.56791
 40.772 -9.98393
 40.7405 -10.0291
 40.7275 -10.0298
154 26 5
 37.877 15.3854
 37.4228 13.8559
 37.1099 12.6891
 36.888 11.5123
 36.9036 11.501
154 50 3
 37.877 15.3854
 38.1353 16.9609
 38.0148 17.0081
155 22 20
 67.1473 -21.1162
 63.4543 -23.6285
 61.0316 -25.9396
 60.1056 -25.8808
 60.3265 -24.8941
 59.894 -22.9575
 58.5401 -21.8873
 57.9426 -21.3987
 55.1518 -20.1706
 51.2919 -19.2986
 50.2852 -18.5834
 49.6929 -16.2521
 48.6081 -13.2146
 48.2252 -11.602
 48.444 -11.2006
 48.4705 -10.9183
 48.7422 -10.6076
 49.3541 -10.3304
 49.7571 -10.1818
 49.8257 -10.1878
155 3 5
 67.1473 -21.1162
 70.5578 -20.3179
 71.9664 -19.8719
 72.2018 -19.9794
 72.2067 -19.9812
156 63 12
 38.8151 -21.0055
 41.0536 -19.6081
 41.1965 -19.4292
 41.3341 -19.1154
 41.4631 -18.6655
 41.4868 -18.366
 41.3192 -18.2928
 40.5357 -17.9508
 39.442 -16.5891
 39.1044 -15.2027
 39.2072 -14.8164
 39.179 -14.7876
156 69 4
 38.8151 -21.0055
 36.4349 -22.7761
 36.1368 -23.2984
 36.0821 -23.368
157 0 9
 38.5497 -28.83
 41.3066 -29.2532
 42.7136 -30.2326
 43.5106 -30.4048
 43.7936 -30.5902
 43.9138 -31.0294
 44.1469 -31.5869
 44.3696 -31.9372
 44.3425 -31.9412
157 69 10
 38.5497 -28.83
 35.6793 -28.6585
 34.9709 -27.559
 35.5839 -26.7968
 35.9635 -26.3258
 36.1687 -25.4748
 36.4305 -24.511
 36.2321 -23.7352
 36.0658 -23.3678
 36.0821 -23.368
158 12 13
 76.6416 -38.9899
 75.6087 -39.3384
 75.6513 -39.7554
 75.8371 -40.3142
 76.0385 -40.7094
 75.9939 -40.954
 75.4997 -41.2491
 74.8423 -41.4587
 74.495 -41.5587
 74.4086 -41.6433
 74.3394 -41.6293
 74.2332 -41.5883
 74.1967 -41.5783
158 20 16
 76.6416 -38.9899
 77.8444 -39.1206
 78.1893 -39.5533
 78.8187 -39.2283
 79.6886 -38.4656
 80.3597 -37.8635
 80.477 -37.456
 80.6059 -36.8249
 81.2031 -36.4803
 81.705 -36.4733
 81.8784 -36.3318
 81.8575 -36.4606
 82.3878 -36.6468
 83.2716 -37.1033
 83.6478 -37.5767
 83.6843 -37.6614
159 39 11
 76.3044 -50.0204
 75.7366 -52.1306
 75.942 -53.517
 76.9719 -54.3835
 76.8217 -55.4264
 76.3288 -56.5279
 75.9252 -56.9616
 75.7756 -57.0094
 75.4862 -57.2512
 75.1772 -57.5422
 75.1067 -57.6292
159 27 4
 76.3044 -50.0204
 75.7173 -48.6469
 75.4065 -48.4325
 75.464 -48.3665
160 1 25
 63.1698 -46.9923
 62.3294 -46.8371
 61.5262 -46.8467
 60.9303 -46.7877
 60.6306 -46.7294
 60.0774 -46.4718
 59.6483 -46.2333
 58.8688 -46.0875
 58.0662 -45.9785
 57.8529 -46.0734
 57.628 -46.2631
 57.2653 -46.2449
 57.0971 -46.1207
 56.9985 -46.1787
 56.8127 -46.3395
 56.4637 -46.4903
 56.0798 -46.6389
 55.6699 -46.8198
 55.3861 -46.9412
 55.3887 -47.0451
 55.1154 -47.2812
 54.7587 -47.4433
 54.5793 -47.5861
 54.4581 -47.7122
 54.4437 -47.7192
160 19 9
 63.1698 -46.9923
 63.9612 -47.4967
 64.17 -47.9634
 64.4093 -48.5944
 64.8826 -48.8387
 65.3065 -48.6509
 65.6164 -48.6471
 65.7986 -48.6884
 65.814 -48.7251
161 1 27
 64.7744 -43.6053
 63.2151 -44.2732
 62.7441 -44.9606
 61.9527 -45.5443
 61.0226 -46.3929
 60.9009 -46.7459
 60.6306 -46.7294
 60.0774 -46.4718
 59.6483 -46.2333
 58.8688 -46.0875
 58.0662 -45.9785
 57.8529 -46.0734
 57.628 -46.2631
 57.2653 -46.2449
 57.0971 -46.1207
 56.9985 -46.1787
 56.8127 -46.3395
 56.4637 -46.4903
 56.0798 -46.6389
 55.6699 -46.8198
 55.3861 -46.9412
 55.3887 -47.0451
 55.1154 -47.2812
 54.7587 -47.4433
 54.5793 -47.5861
 54.4581 -47.7122
 54.4437 -47.7192
161 12 23
 64.7744 -43.6053
 66.398 -44.1092
 67.2497 -44.9682
 67.5854 -45.7769
 68.1014 -46.3988
 69.5742 -45.9578
 70.9441 -45.0978
 71.3424 -44.7959
 71.5428 -44.1463
 71.8434 -43.3352
 71.94 -42.8605
 72.1519 -42.7593
 72.4648 -42.9179
 72.5813 -42.5757
 72.9279 -42.1833
 73.317 -42.0437
 73.4641 -41.9053
 73.6424 -41.7931
 73.8793 -41.7838
 74.0303 -41.8738
 74.0477 -41.737
 74.1325 -41.6114
 74.1967 -41.5783
162 35 10
 23.3126 -39.4971
 20.4557 -39.5252
 18.5992 -39.4702
 18.617 -38.3202
 18.5045 -37.2531
 17.9438 -37.5233
 17.4921 -37.8274
 16.6578 -37.8108
 15.8075 -37.7672
 15.7501 -37.7901
162 30 3
 23.3126 -39.4971
 24.4455 -39.4949
 24.5577 -39.5088
163 55 6
 28.8842 -38.7318
 30.5663 -37.1203
 30.9104 -36.2993
 31.5573 -35.9109
 31.9817 -35.704
 32.0774 -35.6852
163 73 5
 28.8842 -38.7318
 27.0674 -40.0026
 25.9556 -39.9217
 24.9571 -39.5599
 24.9095 -39.5587
164 6 15
 44.3942 -58.4714
 43.2558 -57.0247
 42.4378 -56.4691
 41.9838 -56.3516
 41.8869 -55.9378
 41.8727 -55.6396
 41.7385 -55.5342
 41.4989 -55.4026
 41.1012 -55.3093
 40.65 -55.2392
 40.0611 -55.1072
 39.6931 -55.0063
 39.531 -55.0877
 39.3982 -55.1796
 39.4025 -55.2012
164 68 6
 44.3942 -58.4714
 45.229 -59.4333
 45.8602 -59.9191
 46.3568 -60.3506
 46.4604 -60.5286
 46.4681 -60.6746
165 68 10
 50.1766 -55.6771
 48.5591 -56.6557
 47.5088 -57.1405
 47.3286 -57.6681
 47.2332 -57.9999
 46.3009 -58.9033
 45.8602 -59.9191
 46.3568 -60.3506
 46.4604 -60.5286
 46.4681 -60.6746
165 9 8
 50.1766 -55.6771
 49.6133 -54.0554
 48.1847 -53.2185
 47.7717 -52.9929
 47.447 -52.9788
 47.154 -53.2018
 46.9288 -53.4951
 46.9624 -53.5852
166 77 7
 17.8625 -63.8098
 18.5132 -65.772
 18.3387 -65.9019
 16.7184 -65.7102
 15.576 -65.8659
 15.2679 -66.06
 15.2189 -66.0429
166 59 3
 17.8625 -63.8098
 17.7661 -62.1151
 17.7581 -62.1166
167 70 10
 16.9392 -69.6223
 15.9811 -69.3641
 15.8445 -69.4118
 15.6331 -69.4683
 15.1279 -69.4255
 14.6931 -69.2318
 14.6563 -69.0159
 14.805 -68.8886
 14.9058 -68.8483
 14.917 -68.8461
167 61 4
 16.9392 -69.6223
 18.1627 -69.7324
 18.5167 -69.5798
 18.5136 -69.5911
168 23 16
 32.5598 -72.5408
 33.2611 -73.4937
 34.1064 -73.8595
 34.5088 -74.7644
 34.616 -76.1088
 35.1167 -76.5739
 36.0805 -76.4261
 36.7987 -76.425
 36.7935 -76.6654
 36.8731 -76.9457
 36.8903 -77.284
 36.8259 -77.4247
 36.8494 -77.4816
 36.8753 -77.5599
 36.8894 -77.6138
 36.8932 -77.625
168 11 5
 32.5598 -72.5408
 31.8049 -71.5473
 31.2395 -71.0153
 31.0221 -70.9066
 31.0169 -70.9169
169 80 13
 34.6031 -63.235
 33.8899 -63.3416
 33.1284 -63.4819
 32.6401 -63.8406
 32.5836 -64.1103
 32.319 -64.6506
 32.335 -65.2936
 32.4244 -65.8048
 32.0787 -66.1243
 31.8204 -66.3174
 31.7386 -66.4816
 31.684 -66.6443
 31.6519 -66.6704
169 65 6
 34.6031 -63.235
 35.2885 -62.4572
 35.6279 -61.8854
 35.8113 -61.7239
 36.0481 -61.5848
 36.1835 -61.5037
170 6 19
 39.7304 -62.5745
 41.2497 -61.9344
 41.731 -61.4149
 41.7813 -60.6396
 42.3239 -59.8268
 42.4045 -58.1
 42.0629 -56.7764
 41.9838 -56.3516
 41.8869 -55.9378
 41.8727 -55.6396
 41.7385 -55.5342
 41.4989 -55.4026
 41.1012 -55.3093
 40.65 -55.2392
 40.0611 -55.1072
 39.6931 -55.0063
 39.531 -55.0877
 39.3982 -55.1796
 39.4025 -55.2012
170 65 7
 39.7304 -62.5745
 38.3758 -63.4651
 37.8635 -63.7952
 38.0636 -63.4462
 37.1775 -62.4073
 36.2454 -61.5015
 36.1835 -61.5037
171 68 7
 49.6952 -63.012
 48.8531 -62.7284
 48.7579 -62.0235
 48.2042 -61.4542
 47.2315 -61.3657
 46.59 -60.9218
 46.4681 -60.6746
171 44 16
 49.6952 -63.012
 50.4339 -63.9675
 50.4386 -64.9921
 50.568 -65.3976
 50.516 -65.8011
 51.0621 -66.5374
 52.1893 -66.8779
 53.3088 -67.4374
 54.1757 -68.5813
 54.4436 -69.176
 54.5597 -69.2378
 54.5166 -69.7645
 54.1314 -70.0649
 52.9394 -69.6502
 51.9306 -69.5129
 51.8698 -69.5978
177 20 7
 85.6741 -36.9626
 85.652 -36.9864
 85.4693 -36.9724
 85.0298 -36.7329
 84.2444 -37.0745
 83.7111 -37.6397
 83.6843 -37.6614
178 23 18
 44.1958 -78.202
 43.8169 -77.9948
 43.9457 -77.8213
 43.0103 -77.6249
 41.8832 -77.8246
 40.3307 -78.6022
 38.9911 -78.4972
 38.3681 -77.3031
 37.8978 -76.7771
 37.1836 -76.7643
 36.7935 -76.6654
 36.8731 -76.9457
 36.8903 -77.284
 36.8259 -77.4247
 36.8494 -77.4816
 36.8753 -77.5599
 36.8894 -77.6138
 36.8932 -77.625
179 66 14
 30.4699 -85.3955
 30.6873 -84.9719
 30.9509 -84.5345
 31.0148 -84.473
 31.2238 -84.4025
 31.1244 -84.1501
 30.8101 -83.8877
 30.4768 -83.8414
 30.1402 -83.8488
 30.0975 -83.8828
 30.4154 -84.1994
 30.0161 -84.6731
 29.2416 -84.8618
 29.2 -84.8799
180 3 11
 74.9819 -16.0283
 74.5509 -16.2925
 73.4858 -15.9799
 73.6988 -17.5675
 73.0723 -18.7711
 72.7808 -19.0616
 72.6375 -19.247
 72.3702 -19.4669
 72.1786 -19.7883
 72.2018 -19.9794
 72.2067 -19.9812
181 43 7
 -0.360161 10.9609
 -0.294487 10.4584
 -0.159227 9.68502
 -0.154071 9.13502
 -0.353985 8.65521
 -0.499805 8.43274
 -0.510142 8.41108
182 31 6
 20.7844 22.0897
 21.319 21.4357
 22.3911 20.9415
 22.9502 21.1159
 23.009 21.1324
 23.0462 21.1343
183 78 5
 -33.981 -23.0568
 -33.9951 -22.9154
 -33.8767 -22.6435
 -33.6972 -22.4993
 -33.6502 -22.4858
184 39 12
 83.2072 -54.8333
 82.4582 -54.4431
 81.1565 -54.087
 80.007 -54.568
 78.7814 -55.9447
 77.4605 -56.6369
 76.3961 -56.6756
 75.9252 -56.9616
 75.7756 -57.0094
 75.4862 -57.2512
 75.1772 -57.5422
 75.1067 -57.6292
