8.36391274152
17.1662702313
8.89743874503
4.02454818929
8.65532538256
11.2932245549
1.29879977006
1.3210336173
9.7542451642
3.49578557252
4.89534757108
4.04608531419
4.60834467299
3.39302568826
8.41591662983
21.1801330368
32.6404505642
10.2048441761
3.2189341419
3.46887348181
28.2590164634
16.1652145102
1.98234873798
1.82319664736
4.10325620204
3.42685851514
23.7168316377
19.0553640597
7.54747803889
25.6273814005
3.78396039909
7.00712604737
2.65372550746
1.16387796414
18.7040746238
10.6789493636
21.0727166199
39.0669396117
9.26038439483
0.829275038814
6.58778249315
2.26917600337
11.8197740371
1.44735090559
21.2921800884
8.76305881272
6.33509297039
19.4865492793
0.0535806312456
0.0
47.2180855721
6.90219154646
4.00928359124
8.77724497638
3.72000612571
2.55026113703
9.27732318323
1.16939373756
2.55462846034
