8.91167416725
24.09810942
3.86631693049
19.7628997806
16.8295873232
4.30498961518
0.476049959749
10.5964680874
9.67974558562
8.86200088459
2.34806786636
8.20531604092
8.59360705144
1.21584823761
6.73207036348
3.72948066842
6.33811316358
2.85917019976
0.425187498336
4.98145668302
3.84462645489
3.37196561716
3.00904187679
2.63346889701
2.33956840043
2.14268065063
1.98501091514
1.08809668596
0.645862143816
0.0843542195568
0.0205806614833
8.91167416725
24.09810942
3.86631693049
19.7628997806
16.8295873232
4.30498961518
0.476049959749
10.5964680874
9.67974558562
8.86200088459
2.34806786636
8.20531604092
8.59360705144
1.21584823761
6.73207036348
3.72948066842
6.33811316358
2.85917019976
0.425187498336
4.98145668302
3.84462645489
3.37196561716
3.00904187679
2.63346889701
2.33956840043
2.14268065063
1.98501091514
1.08809668596
0.645862143816
0.0843542195568
0.0205806614833
8.91167416725
24.09810942
3.86631693049
19.7628997806
16.8295873232
4.30498961518
0.476049959749
10.5964680874
9.67974558562
8.86200088459
2.34806786636
8.20531604092
8.59360705144
1.21584823761
6.73207036348
3.72948066842
6.33811316358
2.85917019976
0.425187498336
4.98145668302
3.84462645489
3.37196561716
3.00904187679
2.63346889701
2.33956840043
2.14268065063
1.98501091514
1.08809668596
0.645862143816
0.0843542195568
0.0205806614833
8.91167416725
8.91167416725
24.09810942
3.86631693049
19.7628997806
16.8295873232
4.30498961518
0.476049959749
10.5964680874
9.67974558562
8.86200088459
2.34806786636
8.20531604092
8.59360705144
1.21584823761
6.73207036348
3.72948066842
6.33811316358
2.85917019976
0.425187498336
4.98145668302
3.84462645489
3.37196561716
3.00904187679
2.63346889701
2.33956840043
2.14268065063
1.98501091514
1.08809668596
0.645862143816
0.0843542195568
0.0205806614833
8.91167416725
24.09810942
3.86631693049
19.7628997806
16.8295873232
4.30498961518
0.476049959749
10.5964680874
9.67974558562
8.86200088459
2.34806786636
8.20531604092
8.59360705144
1.21584823761
6.73207036348
3.72948066842
6.33811316358
2.85917019976
0.425187498336
4.98145668302
3.84462645489
3.37196561716
3.00904187679
2.63346889701
2.33956840043
2.14268065063
1.98501091514
1.08809668596
0.645862143816
0.0843542195568
0.0205806614833
8.91167416725
24.09810942
3.86631693049
19.7628997806
16.8295873232
4.30498961518
0.476049959749
10.5964680874
9.67974558562
8.86200088459
2.34806786636
8.20531604092
8.59360705144
1.21584823761
6.73207036348
3.72948066842
6.33811316358
2.85917019976
0.425187498336
4.98145668302
3.84462645489
3.37196561716
3.00904187679
2.63346889701
2.33956840043
2.14268065063
1.98501091514
1.08809668596
0.645862143816
0.0843542195568
0.0205806614833
8.91167416725
24.09810942
3.86631693049
19.7628997806
16.8295873232
4.30498961518
0.476049959749
10.5964680874
9.67974558562
8.86200088459
2.34806786636
8.20531604092
8.59360705144
1.21584823761
6.73207036348
3.72948066842
6.33811316358
2.85917019976
0.425187498336
4.98145668302
3.84462645489
3.37196561716
3.00904187679
2.63346889701
2.33956840043
2.14268065063
1.98501091514
1.08809668596
0.645862143816
0.0843542195568
0.0205806614833
8.91167416725
24.09810942
3.86631693049
19.7628997806
16.8295873232
4.30498961518
0.476049959749
10.5964680874
9.67974558562
8.86200088459
2.34806786636
8.20531604092
8.59360705144
1.21584823761
6.73207036348
3.72948066842
6.33811316358
2.85917019976
0.425187498336
4.98145668302
3.84462645489
3.37196561716
3.00904187679
2.63346889701
2.33956840043
2.14268065063
1.98501091514
1.08809668596
0.645862143816
0.0843542195568
0.0205806614833
8.91167416725
24.09810942
3.86631693049
19.7628997806
16.8295873232
4.30498961518
0.476049959749
10.5964680874
9.67974558562
8.86200088459
2.34806786636
8.20531604092
8.59360705144
1.21584823761
6.73207036348
3.72948066842
6.33811316358
2.85917019976
0.425187498336
4.98145668302
3.84462645489
3.37196561716
3.00904187679
2.63346889701
2.33956840043
2.14268065063
1.98501091514
1.08809668596
0.645862143816
0.0843542195568
0.0205806614833
